60 7.4000000000000003e-06 1.1000000000000001e-06 2.7999999999999999e-06 4.8999999999999997e-06 1.5999999999999999e-06 1.5e-06 1.1000000000000001e-06 
63 8.8000000000000004e-06 1.1999999999999999e-06 3.1999999999999999e-06 3.8999999999999999e-06 1.7999999999999999e-06 1.5999999999999999e-06 1.3e-06 
66 9.0000000000000002e-06 1.1999999999999999e-06 3.4999999999999999e-06 3.9999999999999998e-06 1.7e-06 1.5e-06 1.1999999999999999e-06 
69 9.5999999999999996e-06 1.3e-06 3.5999999999999998e-06 3.9999999999999998e-06 1.9e-06 1.9e-06 1.5e-06 
72 9.7999999999999993e-06 1.3999999999999999e-06 3.8999999999999999e-06 4.0999999999999997e-06 1.9999999999999999e-06 1.7999999999999999e-06 1.3999999999999999e-06 
75 1.1e-05 1.3999999999999999e-06 3.8999999999999999e-06 4.5000000000000001e-06 2.0999999999999998e-06 1.7999999999999999e-06 1.5999999999999999e-06 
78 1.24e-05 1.5e-06 4.3000000000000003e-06 4.5000000000000001e-06 2.0999999999999998e-06 2.0999999999999998e-06 1.7e-06 
81 1.33e-05 1.7e-06 4.6e-06 4.6999999999999999e-06 2.2000000000000001e-06 2.2000000000000001e-06 1.7999999999999999e-06 
84 1.4100000000000001e-05 1.7e-06 4.7999999999999998e-06 6.3999999999999997e-06 2.3e-06 2.3e-06 1.9e-06 
87 1.5099999999999999e-05 1.7999999999999999e-06 5.1000000000000003e-06 5.3000000000000001e-06 2.5000000000000002e-06 2.2000000000000001e-06 1.9e-06 
90 1.47e-05 1.7999999999999999e-06 5.1000000000000003e-06 5.0000000000000004e-06 2.6000000000000001e-06 2.3e-06 2.7900000000000001e-05 
93 1.8e-05 2.2000000000000001e-06 6.0000000000000002e-06 6.8000000000000001e-06 2.9000000000000002e-06 2.5000000000000002e-06 2.3e-06 
96 1.6900000000000001e-05 2.0999999999999998e-06 6.0000000000000002e-06 6.9e-06 2.7999999999999999e-06 2.7999999999999999e-06 2.3999999999999999e-06 
99 1.9000000000000001e-05 2.3e-06 6.2999999999999998e-06 7.3000000000000004e-06 3.0000000000000001e-06 2.7999999999999999e-06 2.6000000000000001e-06 
102 2.02e-05 2.5000000000000002e-06 6.6000000000000003e-06 2.23e-05 2.9000000000000002e-06 2.7999999999999999e-06 2.6000000000000001e-06 
105 2.0800000000000001e-05 2.5000000000000002e-06 6.9e-06 7.9000000000000006e-06 3.1999999999999999e-06 3.3000000000000002e-06 2.5000000000000002e-06 
108 2.3200000000000001e-05 2.6000000000000001e-06 7.1999999999999997e-06 7.7999999999999999e-06 3.3000000000000002e-06 3.1e-06 2.7e-06 
111 2.3799999999999999e-05 2.6000000000000001e-06 7.6000000000000001e-06 8.3000000000000002e-06 3.4999999999999999e-06 3.3000000000000002e-06 2.7e-06 
114 2.6100000000000001e-05 3.0000000000000001e-06 8.1000000000000004e-06 8.1000000000000004e-06 3.4999999999999999e-06 3.1999999999999999e-06 2.7e-06 
117 2.6699999999999998e-05 3.0000000000000001e-06 8.3999999999999992e-06 8.6999999999999997e-06 3.4000000000000001e-06 3.3000000000000002e-06 3.0000000000000001e-06 
120 2.8e-05 3.1e-06 8.6000000000000007e-06 8.3999999999999992e-06 3.5999999999999998e-06 3.4999999999999999e-06 2.9000000000000002e-06 
123 2.9499999999999999e-05 3.3000000000000002e-06 9.0000000000000002e-06 8.6999999999999997e-06 3.7000000000000002e-06 3.4000000000000001e-06 2.7999999999999999e-06 
126 3.1900000000000003e-05 3.4999999999999999e-06 9.5999999999999996e-06 8.6999999999999997e-06 3.8999999999999999e-06 3.7000000000000002e-06 3.1e-06 
129 3.1600000000000002e-05 3.4000000000000001e-06 9.9000000000000001e-06 9.0999999999999993e-06 4.0999999999999997e-06 3.8e-06 3.1999999999999999e-06 
132 3.5800000000000003e-05 3.8999999999999999e-06 1.0200000000000001e-05 9.5000000000000005e-06 4.4000000000000002e-06 3.9999999999999998e-06 3.3000000000000002e-06 
135 3.3800000000000002e-05 3.8e-06 1.11e-05 9.7999999999999993e-06 4.1999999999999996e-06 4.0999999999999997e-06 3.1999999999999999e-06 
138 3.7799999999999997e-05 4.0999999999999997e-06 1.13e-05 9.7999999999999993e-06 4.3000000000000003e-06 4.0999999999999997e-06 3.4000000000000001e-06 
141 3.8000000000000002e-05 4.0999999999999997e-06 1.17e-05 9.9000000000000001e-06 4.6e-06 4.1999999999999996e-06 3.1999999999999999e-06 
144 4.0000000000000003e-05 4.1999999999999996e-06 1.17e-05 1.06e-05 4.7999999999999998e-06 4.5000000000000001e-06 3.8999999999999999e-06 
147 4.3399999999999998e-05 4.5000000000000001e-06 1.1800000000000001e-05 1.0900000000000001e-05 4.7999999999999998e-06 3.9999999999999998e-06 3.4999999999999999e-06 
150 4.21e-05 4.5000000000000001e-06 1.2799999999999999e-05 1.0900000000000001e-05 4.6e-06 4.5000000000000001e-06 3.7000000000000002e-06 
153 4.5000000000000003e-05 4.6e-06 1.2799999999999999e-05 1.0900000000000001e-05 4.6e-06 4.1999999999999996e-06 4.1999999999999996e-06 
156 4.6499999999999999e-05 4.7999999999999998e-06 1.33e-05 1.1e-05 5.0000000000000004e-06 4.6999999999999999e-06 4.0999999999999997e-06 
159 4.3000000000000002e-05 4.6e-06 1.3699999999999999e-05 1.0699999999999999e-05 5.1000000000000003e-06 4.7999999999999998e-06 3.8e-06 
162 5.2099999999999999e-05 5.1000000000000003e-06 1.42e-05 1.1199999999999999e-05 5.3000000000000001e-06 5.0000000000000004e-06 4.0999999999999997e-06 
165 5.0800000000000002e-05 5.3000000000000001e-06 1.4600000000000001e-05 1.17e-05 5.4e-06 5.0000000000000004e-06 4.5000000000000001e-06 
168 5.5500000000000001e-05 5.4999999999999999e-06 1.5e-05 1.19e-05 5.8000000000000004e-06 5.1000000000000003e-06 4.3000000000000003e-06 
171 5.5800000000000001e-05 5.9000000000000003e-06 1.5500000000000001e-05 1.2300000000000001e-05 5.9000000000000003e-06 5.0000000000000004e-06 4.4000000000000002e-06 
174 5.3600000000000002e-05 5.5999999999999997e-06 1.59e-05 1.2e-05 5.9000000000000003e-06 5.4999999999999999e-06 4.6999999999999999e-06 
177 5.8600000000000001e-05 5.9000000000000003e-06 1.6500000000000001e-05 1.26e-05 6.1e-06 5.4999999999999999e-06 4.8999999999999997e-06 
180 6.2700000000000006e-05 6.3999999999999997e-06 1.7099999999999999e-05 1.2300000000000001e-05 1.66e-05 5.5999999999999997e-06 4.8999999999999997e-06 
183 6.1299999999999999e-05 6.1e-06 1.77e-05 1.31e-05 5.9000000000000003e-06 5.5999999999999997e-06 4.4000000000000002e-06 
186 6.4700000000000001e-05 6.3999999999999997e-06 1.7799999999999999e-05 1.3200000000000001e-05 6.1e-06 5.8000000000000004e-06 4.7999999999999998e-06 
189 6.6600000000000006e-05 6.9e-06 1.8899999999999999e-05 1.26e-05 6.1e-06 5.4999999999999999e-06 4.8999999999999997e-06 
192 6.9200000000000002e-05 6.9999999999999999e-06 1.9000000000000001e-05 1.31e-05 6.3999999999999997e-06 5.5999999999999997e-06 5.1000000000000003e-06 
195 7.0099999999999996e-05 7.1999999999999997e-06 2.0000000000000002e-05 1.34e-05 6.7000000000000002e-06 5.6999999999999996e-06 5.3000000000000001e-06 
198 7.3999999999999996e-05 7.4000000000000003e-06 2.05e-05 4.0299999999999997e-05 6.9e-06 6.1999999999999999e-06 5.3000000000000001e-06 
