2 9.9999999999999995e-08 9.9999999999999995e-08 0 3.9999999999999998e-07 0 9.9999999999999995e-08 9.9999999999999995e-08 
4 1.9999999999999999e-07 9.9999999999999995e-08 1.9999999999999999e-07 5.9999999999999997e-07 1.9999999999999999e-07 1.9999999999999999e-07 9.9999999999999995e-08 
8 2.9999999999999999e-07 1.9999999999999999e-07 2.9999999999999999e-07 7.9999999999999996e-07 2.9999999999999999e-07 1.9999999999999999e-07 1.9999999999999999e-07 
16 7.9999999999999996e-07 1.9999999999999999e-07 5.9999999999999997e-07 1.3999999999999999e-06 5.9999999999999997e-07 2.9999999999999999e-07 2.9999999999999999e-07 
32 3.3000000000000002e-06 5.9999999999999997e-07 1.5e-06 2.7999999999999999e-06 9.9999999999999995e-07 8.9999999999999996e-07 6.9999999999999997e-07 
64 1.0200000000000001e-05 1.5e-06 4.0999999999999997e-06 4.8999999999999997e-06 2.3e-06 2.2000000000000001e-06 1.7e-06 
128 4.0599999999999998e-05 4.6e-06 1.2999999999999999e-05 1.08e-05 5.2000000000000002e-06 4.5000000000000001e-06 4.3000000000000003e-06 
256 0.00015750000000000001 1.5299999999999999e-05 3.8899999999999997e-05 2.2799999999999999e-05 1.1800000000000001e-05 1.0699999999999999e-05 9.3999999999999998e-06 
512 0.00059909999999999998 5.3600000000000002e-05 0.00013750000000000001 4.4499999999999997e-05 2.4899999999999999e-05 2.2399999999999999e-05 2.12e-05 
1024 0.002317 0.00021369999999999999 0.00050100000000000003 9.1799999999999995e-05 5.4799999999999997e-05 4.9799999999999998e-05 4.6600000000000001e-05 
2048 0.0089931009999999999 0.00082799999999999996 0.0018943 0.0001864 0.0001127 0.00010450000000000001 9.7999999999999997e-05 
4096 0.038688303 0.0031272000000000001 0.0077396000000000001 0.00049689999999999999 0.00026330100000000002 0.00029100000000000003 0.0002542 
8192 0.18468701100000001 0.0102322 0.024634100999999999 0.00079290000000000003 0.00047150000000000002 0.00039859999999999999 0.0003948 
