2 0 9.9999999999999995e-08 9.9999999999999995e-08 2.9999999999999999e-07 9.9999999999999995e-08 9.9999999999999995e-08 9.9999999999999995e-08 
4 9.9999999999999995e-08 9.9999999999999995e-08 9.9999999999999995e-08 4.9999999999999998e-07 9.9999999999999995e-08 1.9999999999999999e-07 1.9999999999999999e-07 
8 3.9999999999999998e-07 9.9999999999999995e-08 2.9999999999999999e-07 6.9999999999999997e-07 2.9999999999999999e-07 1.9999999999999999e-07 9.9999999999999995e-08 
16 7.9999999999999996e-07 2.9999999999999999e-07 6.9999999999999997e-07 1.3e-06 3.9999999999999998e-07 2.9999999999999999e-07 2.9999999999999999e-07 
32 3.4999999999999999e-06 6.9999999999999997e-07 1.7999999999999999e-06 2.6000000000000001e-06 1.1000000000000001e-06 9.9999999999999995e-07 6.9999999999999997e-07 
64 1.19e-05 1.5999999999999999e-06 4.1999999999999996e-06 5.1000000000000003e-06 2.3e-06 2.2000000000000001e-06 1.7e-06 
128 4.0099999999999999e-05 4.4000000000000002e-06 1.24e-05 1.13e-05 5.3000000000000001e-06 4.7999999999999998e-06 3.9999999999999998e-06 
256 0.0001517 1.45e-05 4.0000000000000003e-05 2.0299999999999999e-05 1.1399999999999999e-05 1.01e-05 8.6999999999999997e-06 
512 0.00058870000000000005 6.69e-05 0.00013870000000000001 5.6400000000000002e-05 2.5299999999999998e-05 2.3300000000000001e-05 2.0699999999999998e-05 
1024 0.0022569000000000001 0.00019249999999999999 0.00048509999999999997 8.8900000000000006e-05 5.2899999999999998e-05 4.7899999999999999e-05 4.6199999999999998e-05 
2048 0.0084622010000000008 0.00073629999999999995 0.0017925 0.0002007 0.0001141 0.00010509999999999999 9.8800000000000003e-05 
4096 0.035977202999999999 0.0029128000000000001 0.0072353000000000001 0.00038580100000000002 0.00024110000000000001 0.00024360000000000001 0.00022389999999999999 
8192 0.192284013 0.015235701000000001 0.037704702999999999 0.0012658999999999999 0.00074430000000000004 0.00068020000000000005 0.00065149999999999995 
