2 9.9999999999999995e-08 9.9999999999999995e-08 9.9999999999999995e-08 5.9999999999999997e-07 0 9.9999999999999995e-08 9.9999999999999995e-08 
4 1.9999999999999999e-07 9.9999999999999995e-08 1.9999999999999999e-07 4.9999999999999998e-07 1.9999999999999999e-07 9.9999999999999995e-08 9.9999999999999995e-08 
8 2.9999999999999999e-07 1.9999999999999999e-07 2.9999999999999999e-07 8.9999999999999996e-07 3.9999999999999998e-07 1.9999999999999999e-07 1.9999999999999999e-07 
16 1.1000000000000001e-06 3.9999999999999998e-07 6.9999999999999997e-07 1.5999999999999999e-06 4.9999999999999998e-07 2.9999999999999999e-07 2.9999999999999999e-07 
32 3.4999999999999999e-06 5.9999999999999997e-07 1.5999999999999999e-06 3.1999999999999999e-06 1.1999999999999999e-06 1.3e-06 6.9999999999999997e-07 
64 1.17e-05 1.7e-06 4.8999999999999997e-06 6.8000000000000001e-06 2.7e-06 2.7e-06 1.9e-06 
128 4.1699999999999997e-05 4.6999999999999999e-06 1.3699999999999999e-05 1.1399999999999999e-05 5.6999999999999996e-06 5.0000000000000004e-06 4.3000000000000003e-06 
256 0.0001662 1.59e-05 4.4100000000000001e-05 2.26e-05 1.2799999999999999e-05 1.1199999999999999e-05 1.1e-05 
512 0.00062699999999999995 5.8e-05 0.00015660000000000001 4.9799999999999998e-05 2.83e-05 2.5000000000000001e-05 4.1300000000000001e-05 
1024 0.0025812999999999999 0.00027549999999999997 0.00058600000000000004 0.000106 6.1099999999999994e-05 5.5899999999999997e-05 5.2500000000000002e-05 
2048 0.010293399999999999 0.00087759999999999997 0.0021718000000000002 0.0002152 0.00013180000000000001 0.00012229999999999999 0.00011730000000000001 
4096 0.045818500999999998 0.0034906 0.0080937000000000005 0.00043169999999999998 0.00031139999999999998 0.0002655 0.00024000000000000001 
8192 0.20117600399999999 0.0130066 0.028947700999999999 0.0010253 0.00054009999999999996 0.00048859999999999995 0.00046809999999999999 
