2 9.9999999999999995e-08 9.9999999999999995e-08 9.9999999999999995e-08 4.9999999999999998e-07 9.9999999999999995e-08 1.9999999999999999e-07 9.9999999999999995e-08 
4 1.9999999999999999e-07 9.9999999999999995e-08 1.9999999999999999e-07 6.9999999999999997e-07 1.9999999999999999e-07 1.9999999999999999e-07 9.9999999999999995e-08 
8 2.9999999999999999e-07 1.9999999999999999e-07 2.9999999999999999e-07 6.9999999999999997e-07 2.9999999999999999e-07 1.9999999999999999e-07 1.9999999999999999e-07 
16 1.1999999999999999e-06 3.9999999999999998e-07 6.9999999999999997e-07 1.5999999999999999e-06 5.9999999999999997e-07 2.9999999999999999e-07 2.9999999999999999e-07 
32 3.4999999999999999e-06 6.9999999999999997e-07 1.7999999999999999e-06 2.9000000000000002e-06 1.1999999999999999e-06 1.1000000000000001e-06 6.9999999999999997e-07 
64 1.2300000000000001e-05 1.7999999999999999e-06 4.6999999999999999e-06 5.6999999999999996e-06 2.2900000000000001e-05 2.6000000000000001e-06 1.9e-06 
128 4.6699999999999997e-05 5.2000000000000002e-06 1.52e-05 1.7200000000000001e-05 6.1999999999999999e-06 5.2000000000000002e-06 4.6999999999999999e-06 
256 0.00022790000000000001 3.1900000000000003e-05 4.4100000000000001e-05 2.4600000000000002e-05 1.2799999999999999e-05 1.15e-05 9.5999999999999996e-06 
512 0.00061649999999999997 5.6499999999999998e-05 0.00017009999999999999 4.7899999999999999e-05 2.7399999999999999e-05 2.4600000000000002e-05 2.19e-05 
1024 0.0024399000000000001 0.00021579999999999999 0.00057919999999999998 9.9900000000000002e-05 5.8600000000000001e-05 5.4500000000000003e-05 4.9700000000000002e-05 
2048 0.0094081000000000008 0.00079639999999999995 0.0020054000000000001 0.00025539999999999997 0.00012420000000000001 0.0001126 0.0001076 
4096 0.040482101 0.0033919000000000002 0.0084402999999999995 0.00043239999999999999 0.00027480000000000001 0.00026909999999999998 0.00026879999999999997 
8192 0.205403904 0.014937201000000001 0.035026399999999999 0.0011215999999999999 0.00062129999999999998 0.00060849999999999999 0.00056499999999999996 
