2 9.9999999999999995e-08 9.9999999999999995e-08 9.9999999999999995e-08 2.9999999999999999e-07 9.9999999999999995e-08 9.9999999999999995e-08 0 
4 9.9999999999999995e-08 9.9999999999999995e-08 9.9999999999999995e-08 2.9999999999999999e-07 9.9999999999999995e-08 9.9999999999999995e-08 9.9999999999999995e-08 
8 2.9999999999999999e-07 9.9999999999999995e-08 1.9999999999999999e-07 3.9999999999999998e-07 1.9999999999999999e-07 9.9999999999999995e-08 9.9999999999999995e-08 
16 5.9999999999999997e-07 1.9999999999999999e-07 4.9999999999999998e-07 9.9999999999999995e-07 2.9999999999999999e-07 2.9999999999999999e-07 1.9999999999999999e-07 
32 1.9999999999999999e-06 3.9999999999999998e-07 9.9999999999999995e-07 1.9e-06 7.9999999999999996e-07 7.9999999999999996e-07 3.9999999999999998e-07 
64 7.7999999999999999e-06 9.9999999999999995e-07 3.0000000000000001e-06 3.3000000000000002e-06 1.5999999999999999e-06 1.5999999999999999e-06 1.1000000000000001e-06 
128 2.8799999999999999e-05 3.1999999999999999e-06 8.6000000000000007e-06 7.0999999999999998e-06 3.5999999999999998e-06 3.1999999999999999e-06 2.7999999999999999e-06 
256 0.0001315 1.1e-05 2.8500000000000002e-05 1.5299999999999999e-05 8.3000000000000002e-06 7.0999999999999998e-06 6.3999999999999997e-06 
512 0.00039659999999999999 3.6399999999999997e-05 0.0001064 3.0899999999999999e-05 1.8e-05 1.63e-05 1.43e-05 
1024 0.0015782000000000001 0.00013459999999999999 0.00038489999999999998 9.3700000000000001e-05 3.7599999999999999e-05 3.3000000000000003e-05 3.1199999999999999e-05 
2048 0.0059449999999999998 0.00051309999999999995 0.0013433 0.00013850000000000001 8.6299999999999997e-05 7.5400000000000003e-05 7.6600000000000005e-05 
4096 0.027337 0.0022307009999999999 0.0055152999999999999 0.00029500000000000001 0.0001896 0.0001717 0.00018310000000000001 
8192 0.16369630299999999 0.0095592000000000003 0.021246999999999999 0.0006556 0.00040000000000000002 0.00034759999999999999 0.00033940000000000001 
