2 9.9999999999999995e-08 0 9.9999999999999995e-08 1.9999999999999999e-07 9.9999999999999995e-08 9.9999999999999995e-08 9.9999999999999995e-08 
4 9.9999999999999995e-08 9.9999999999999995e-08 1.9999999999999999e-07 4.9999999999999998e-07 9.9999999999999995e-08 9.9999999999999995e-08 9.9999999999999995e-08 
8 1.9999999999999999e-07 9.9999999999999995e-08 1.9999999999999999e-07 6.9999999999999997e-07 9.9999999999999995e-08 9.9999999999999995e-08 9.9999999999999995e-08 
16 7.9999999999999996e-07 2.9999999999999999e-07 4.9999999999999998e-07 1.3e-06 4.9999999999999998e-07 1.9999999999999999e-07 1.9999999999999999e-07 
32 2.5000000000000002e-06 4.9999999999999998e-07 1.3e-06 2.6000000000000001e-06 8.9999999999999996e-07 1.1999999999999999e-06 4.9999999999999998e-07 
64 1.0000000000000001e-05 1.3e-06 3.8e-06 4.6999999999999999e-06 2.2000000000000001e-06 1.7999999999999999e-06 1.3999999999999999e-06 
128 3.8099999999999998e-05 4.1999999999999996e-06 1.1800000000000001e-05 1.08e-05 4.6999999999999999e-06 4.5000000000000001e-06 3.7000000000000002e-06 
256 0.00013990000000000001 1.3699999999999999e-05 3.7499999999999997e-05 1.8899999999999999e-05 1.1e-05 9.7999999999999993e-06 8.6000000000000007e-06 
512 0.00057169999999999996 4.6999999999999997e-05 0.00012459999999999999 3.93e-05 2.26e-05 2.09e-05 1.8600000000000001e-05 
1024 0.002013 0.00017569999999999999 0.0004506 8.0500000000000005e-05 4.7200000000000002e-05 4.3099999999999997e-05 4.0000000000000003e-05 
2048 0.0077812999999999997 0.00066450000000000005 0.0016846000000000001 0.0001684 0.0001024 0.0001097 8.81e-05 
4096 0.033606800999999999 0.0027150999999999998 0.0065729999999999998 0.00037060000000000001 0.00022780000000000001 0.0002152 0.00021880000000000001 
8192 0.15611810300000001 0.011340599999999999 0.026619800999999998 0.00084900000000000004 0.00047830000000000003 0.00044460000000000002 0.00044700000000000002 
