60 1.8099999999999999e-05 7.9999999999999996e-07 2.6000000000000001e-06 4.6e-06 1.5999999999999999e-06 1.5e-06 9.9999999999999995e-07 
63 7.3000000000000004e-06 9.9999999999999995e-07 2.9000000000000002e-06 4.6e-06 1.5999999999999999e-06 1.3999999999999999e-06 1.1000000000000001e-06 
66 8.1000000000000004e-06 1.1000000000000001e-06 3.3000000000000002e-06 3.5999999999999998e-06 1.7e-06 1.5999999999999999e-06 1.1999999999999999e-06 
69 8.8000000000000004e-06 1.1000000000000001e-06 3.4000000000000001e-06 3.8999999999999999e-06 1.7999999999999999e-06 1.5999999999999999e-06 1.1999999999999999e-06 
72 9.7999999999999993e-06 1.3e-06 3.5999999999999998e-06 3.7000000000000002e-06 1.9e-06 1.7e-06 1.3e-06 
75 1.01e-05 1.3999999999999999e-06 3.7000000000000002e-06 3.9999999999999998e-06 1.9e-06 1.7e-06 1.3999999999999999e-06 
78 1.1399999999999999e-05 1.3999999999999999e-06 3.8e-06 4.1999999999999996e-06 1.9e-06 1.7999999999999999e-06 1.5999999999999999e-06 
81 1.2500000000000001e-05 1.5999999999999999e-06 3.9999999999999998e-06 4.1999999999999996e-06 2.0999999999999998e-06 1.7999999999999999e-06 1.5999999999999999e-06 
84 1.31e-05 1.5e-06 4.3000000000000003e-06 4.3000000000000003e-06 2.0999999999999998e-06 2.2000000000000001e-06 1.5999999999999999e-06 
87 1.42e-05 1.5999999999999999e-06 4.6e-06 4.6e-06 2.3e-06 2.0999999999999998e-06 1.7999999999999999e-06 
90 1.43e-05 1.7999999999999999e-06 4.8999999999999997e-06 6.1e-06 2.3999999999999999e-06 2.2000000000000001e-06 1.9e-06 
93 1.5299999999999999e-05 1.7999999999999999e-06 5.3000000000000001e-06 5.1000000000000003e-06 2.5000000000000002e-06 2.0999999999999998e-06 1.9e-06 
96 1.63e-05 1.9e-06 5.4999999999999999e-06 5.0000000000000004e-06 2.6000000000000001e-06 2.6000000000000001e-06 2.0999999999999998e-06 
99 1.9400000000000001e-05 2.2000000000000001e-06 5.4999999999999999e-06 6.7000000000000002e-06 2.7999999999999999e-06 2.6000000000000001e-06 2.3999999999999999e-06 
102 1.8099999999999999e-05 2.0999999999999998e-06 6.1999999999999999e-06 6.7000000000000002e-06 2.7999999999999999e-06 2.7e-06 1.9999999999999999e-06 
105 1.7900000000000001e-05 2.0999999999999998e-06 6.1999999999999999e-06 6.9999999999999999e-06 3.0000000000000001e-06 2.5000000000000002e-06 2.2000000000000001e-06 
108 2.0699999999999998e-05 2.3999999999999999e-06 6.4999999999999996e-06 7.1999999999999997e-06 3.0000000000000001e-06 2.9000000000000002e-06 2.2000000000000001e-06 
111 2.2399999999999999e-05 2.5000000000000002e-06 6.9999999999999999e-06 7.4000000000000003e-06 3.0000000000000001e-06 2.9000000000000002e-06 2.3e-06 
114 2.3499999999999999e-05 2.7999999999999999e-06 7.3000000000000004e-06 7.3000000000000004e-06 3.1e-06 2.9000000000000002e-06 2.5000000000000002e-06 
117 2.5000000000000001e-05 2.6000000000000001e-06 7.5000000000000002e-06 7.7000000000000008e-06 3.1999999999999999e-06 3.1999999999999999e-06 2.3999999999999999e-06 
120 5.5000000000000002e-05 2.7999999999999999e-06 7.7999999999999999e-06 7.7000000000000008e-06 3.4999999999999999e-06 3.4000000000000001e-06 2.5000000000000002e-06 
123 2.6599999999999999e-05 3.0000000000000001e-06 8.3999999999999992e-06 8.1000000000000004e-06 3.3000000000000002e-06 3.1999999999999999e-06 2.7999999999999999e-06 
126 2.7900000000000001e-05 3.1999999999999999e-06 8.6999999999999997e-06 7.7999999999999999e-06 3.8999999999999999e-06 3.4999999999999999e-06 2.7e-06 
129 3.01e-05 3.3000000000000002e-06 8.8000000000000004e-06 8.1999999999999994e-06 3.5999999999999998e-06 3.3000000000000002e-06 2.9000000000000002e-06 
132 2.9600000000000001e-05 3.1999999999999999e-06 9.0000000000000002e-06 8.8999999999999995e-06 3.8999999999999999e-06 3.4999999999999999e-06 2.7999999999999999e-06 
135 3.0700000000000001e-05 3.1999999999999999e-06 9.3000000000000007e-06 9.0999999999999993e-06 3.9999999999999998e-06 3.5999999999999998e-06 3.0000000000000001e-06 
138 3.4600000000000001e-05 3.5999999999999998e-06 1.0200000000000001e-05 9.0000000000000002e-06 4.0999999999999997e-06 3.7000000000000002e-06 3.1e-06 
141 3.4e-05 3.4999999999999999e-06 1.01e-05 9.3000000000000007e-06 3.8999999999999999e-06 3.8e-06 3.3000000000000002e-06 
144 3.5099999999999999e-05 3.7000000000000002e-06 1.03e-05 9.3999999999999998e-06 3.9999999999999998e-06 3.8999999999999999e-06 3.4000000000000001e-06 
147 3.79e-05 3.9999999999999998e-06 1.13e-05 1.0000000000000001e-05 4.0999999999999997e-06 3.8999999999999999e-06 3.5999999999999998e-06 
150 3.7499999999999997e-05 4.0999999999999997e-06 1.1600000000000001e-05 9.7999999999999993e-06 4.6999999999999999e-06 4.3000000000000003e-06 3.5999999999999998e-06 
153 4.0500000000000002e-05 4.4000000000000002e-06 1.15e-05 1.0000000000000001e-05 4.5000000000000001e-06 4.1999999999999996e-06 3.5999999999999998e-06 
156 4.1300000000000001e-05 4.4000000000000002e-06 1.2500000000000001e-05 1.0000000000000001e-05 4.5000000000000001e-06 4.3000000000000003e-06 3.4999999999999999e-06 
159 4.4400000000000002e-05 4.6999999999999999e-06 1.24e-05 1.01e-05 4.6e-06 4.3000000000000003e-06 3.7000000000000002e-06 
162 4.3600000000000003e-05 4.6999999999999999e-06 1.2999999999999999e-05 1.0699999999999999e-05 4.6999999999999999e-06 4.3000000000000003e-06 3.7000000000000002e-06 
165 4.6499999999999999e-05 4.8999999999999997e-06 1.33e-05 1.0200000000000001e-05 5.1000000000000003e-06 4.7999999999999998e-06 3.9999999999999998e-06 
168 4.7899999999999999e-05 4.7999999999999998e-06 1.38e-05 1.1e-05 4.8999999999999997e-06 4.6e-06 3.8999999999999999e-06 
171 4.6600000000000001e-05 4.7999999999999998e-06 1.4e-05 1.0900000000000001e-05 5.0000000000000004e-06 4.3000000000000003e-06 4.1999999999999996e-06 
174 4.9599999999999999e-05 5.1000000000000003e-06 1.49e-05 1.1399999999999999e-05 5.0000000000000004e-06 4.6999999999999999e-06 3.9999999999999998e-06 
177 5.0899999999999997e-05 5.3000000000000001e-06 1.5e-05 1.15e-05 5.2000000000000002e-06 4.5000000000000001e-06 4.0999999999999997e-06 
180 5.3699999999999997e-05 5.6999999999999996e-06 1.5400000000000002e-05 1.13e-05 5.3000000000000001e-06 4.8999999999999997e-06 4.1999999999999996e-06 
183 5.41e-05 5.4e-06 1.5500000000000001e-05 1.2099999999999999e-05 5.3000000000000001e-06 5.0000000000000004e-06 4.0999999999999997e-06 
186 6.3700000000000003e-05 6.1999999999999999e-06 1.6699999999999999e-05 1.2e-05 5.4999999999999999e-06 5.2000000000000002e-06 4.4000000000000002e-06 
189 5.9299999999999998e-05 6.0000000000000002e-06 1.66e-05 1.2e-05 5.8000000000000004e-06 5.2000000000000002e-06 4.4000000000000002e-06 
192 6.3899999999999995e-05 6.2999999999999998e-06 1.6799999999999998e-05 1.2e-05 6.0000000000000002e-06 5.1000000000000003e-06 4.5000000000000001e-06 
195 6.41e-05 6.3999999999999997e-06 1.8199999999999999e-05 1.22e-05 5.9000000000000003e-06 5.2000000000000002e-06 4.4000000000000002e-06 
198 6.4499999999999996e-05 6.2999999999999998e-06 1.77e-05 1.27e-05 5.9000000000000003e-06 5.1000000000000003e-06 4.3000000000000003e-06 
