2 9.9999999999999995e-08 9.9999999999999995e-08 9.9999999999999995e-08 2.9999999999999999e-07 9.9999999999999995e-08 9.9999999999999995e-08 9.9999999999999995e-08 
4 9.9999999999999995e-08 9.9999999999999995e-08 9.9999999999999995e-08 4.9999999999999998e-07 1.9999999999999999e-07 1.9999999999999999e-07 9.9999999999999995e-08 
8 2.9999999999999999e-07 9.9999999999999995e-08 1.9999999999999999e-07 7.9999999999999996e-07 1.9999999999999999e-07 1.9999999999999999e-07 1.9999999999999999e-07 
16 6.9999999999999997e-07 2.9999999999999999e-07 5.9999999999999997e-07 1.3999999999999999e-06 3.9999999999999998e-07 2.9999999999999999e-07 2.9999999999999999e-07 
32 2.9000000000000002e-06 5.9999999999999997e-07 1.5999999999999999e-06 2.5000000000000002e-06 1.1000000000000001e-06 1.1999999999999999e-06 5.9999999999999997e-07 
64 1.1399999999999999e-05 1.5e-06 4.0999999999999997e-06 5.1000000000000003e-06 2.3e-06 2.0999999999999998e-06 1.7e-06 
128 3.7700000000000002e-05 4.1999999999999996e-06 1.1800000000000001e-05 1.01e-05 5.2000000000000002e-06 4.6999999999999999e-06 4.1999999999999996e-06 
256 0.0001496 1.45e-05 3.9100000000000002e-05 2.1500000000000001e-05 1.1199999999999999e-05 1.0200000000000001e-05 8.8000000000000004e-06 
512 0.00055820000000000002 5.2299999999999997e-05 0.00014870000000000001 4.3000000000000002e-05 2.4300000000000001e-05 2.2900000000000001e-05 2.0000000000000002e-05 
1024 0.0021703999999999998 0.00019589999999999999 0.00051690000000000004 8.8900000000000006e-05 5.27e-05 4.8199999999999999e-05 4.4400000000000002e-05 
2048 0.0083894009999999995 0.0007381 0.0018391 0.00017689999999999999 0.00010739999999999999 9.8999999999999994e-05 0.0001405 
4096 0.035961002999999998 0.0029006000000000001 0.0070940999999999999 0.00038279999999999998 0.0002477 0.00022719999999999999 0.00022359999999999999 
8192 0.17710071299999999 0.012768000999999999 0.030451602000000001 0.00094519999999999999 0.00053580000000000001 0.00052030000000000002 0.00048289999999999997 
