2 9.9999999999999995e-08 9.9999999999999995e-08 9.9999999999999995e-08 1.9999999999999999e-07 9.9999999999999995e-08 9.9999999999999995e-08 9.9999999999999995e-08 
4 9.9999999999999995e-08 0 9.9999999999999995e-08 3.9999999999999998e-07 9.9999999999999995e-08 9.9999999999999995e-08 9.9999999999999995e-08 
8 1.9999999999999999e-07 9.9999999999999995e-08 1.9999999999999999e-07 5.9999999999999997e-07 1.9999999999999999e-07 1.9999999999999999e-07 9.9999999999999995e-08 
16 5.9999999999999997e-07 2.9999999999999999e-07 4.9999999999999998e-07 1.1999999999999999e-06 2.9999999999999999e-07 1.9999999999999999e-07 2.9999999999999999e-07 
32 2.7e-06 3.9999999999999998e-07 1.1999999999999999e-06 1.9e-06 8.9999999999999996e-07 8.9999999999999996e-07 4.9999999999999998e-07 
64 9.0000000000000002e-06 1.1999999999999999e-06 3.4000000000000001e-06 3.9999999999999998e-06 1.7999999999999999e-06 1.7e-06 1.3999999999999999e-06 
128 3.2299999999999999e-05 3.5999999999999998e-06 1.03e-05 8.1000000000000004e-06 4.0999999999999997e-06 3.8e-06 3.1999999999999999e-06 
256 0.00012400000000000001 1.1800000000000001e-05 3.2100000000000001e-05 1.7799999999999999e-05 9.0000000000000002e-06 8.3999999999999992e-06 7.4000000000000003e-06 
512 0.00047169999999999997 4.2400000000000001e-05 0.0001105 3.57e-05 2.05e-05 1.8499999999999999e-05 1.63e-05 
1024 0.0017619999999999999 0.0001573 0.00040099999999999999 7.3800000000000005e-05 4.3800000000000001e-05 3.9799999999999998e-05 3.6699999999999998e-05 
2048 0.0071329999999999996 0.00060570000000000003 0.0015596 0.00015559999999999999 9.8099999999999999e-05 9.0199999999999997e-05 8.5000000000000006e-05 
4096 0.032224701000000001 0.0027499999999999998 0.0066257 0.00035819999999999998 0.0002296 0.0002276 0.0002029 
8192 0.19138680399999999 0.015559099999999999 0.036606101000000002 0.0011252 0.00065850000000000001 0.00061870000000000002 0.00057760000000000005 
