60 1.15e-05 1.9e-06 4.5000000000000001e-06 1.1e-05 2.6000000000000001e-06 2.7e-06 1.9e-06 
63 1.5e-05 2.0999999999999998e-06 5.4999999999999999e-06 7.6000000000000001e-06 2.7999999999999999e-06 2.9000000000000002e-06 2.2000000000000001e-06 
66 1.63e-05 2.0999999999999998e-06 5.4999999999999999e-06 6.8000000000000001e-06 3.1e-06 2.7999999999999999e-06 2.3e-06 
69 1.56e-05 2.2000000000000001e-06 6.1999999999999999e-06 1.52e-05 3.5999999999999998e-06 3.4999999999999999e-06 2.3999999999999999e-06 
72 1.8199999999999999e-05 2.3e-06 6.7000000000000002e-06 7.6000000000000001e-06 3.5999999999999998e-06 3.1e-06 2.5000000000000002e-06 
75 2.09e-05 2.5000000000000002e-06 6.8000000000000001e-06 1.0900000000000001e-05 3.5999999999999998e-06 3.1999999999999999e-06 2.7e-06 
78 2.0999999999999999e-05 2.7e-06 7.1999999999999997e-06 1.03e-05 3.9999999999999998e-06 3.7000000000000002e-06 2.7999999999999999e-06 
81 2.1699999999999999e-05 2.7999999999999999e-06 7.6000000000000001e-06 8.1999999999999994e-06 3.9999999999999998e-06 3.4000000000000001e-06 2.9000000000000002e-06 
84 2.27e-05 2.7999999999999999e-06 8.1000000000000004e-06 7.9999999999999996e-06 3.9999999999999998e-06 3.4999999999999999e-06 3.0000000000000001e-06 
87 2.41e-05 3.1e-06 8.6000000000000007e-06 1.0900000000000001e-05 4.1999999999999996e-06 3.9999999999999998e-06 3.1999999999999999e-06 
90 2.7399999999999999e-05 3.4000000000000001e-06 8.8000000000000004e-06 1.2099999999999999e-05 4.4000000000000002e-06 3.5999999999999998e-06 3.5999999999999998e-06 
93 3.1199999999999999e-05 3.5999999999999998e-06 9.5000000000000005e-06 1.11e-05 4.7999999999999998e-06 4.5000000000000001e-06 3.8999999999999999e-06 
96 2.9300000000000001e-05 3.5999999999999998e-06 9.9000000000000001e-06 1.13e-05 4.8999999999999997e-06 4.6e-06 3.8999999999999999e-06 
99 3.4e-05 3.9999999999999998e-06 1.04e-05 1.3200000000000001e-05 5.0000000000000004e-06 4.6e-06 4.4000000000000002e-06 
102 3.3000000000000003e-05 3.8e-06 1.0900000000000001e-05 9.9000000000000001e-06 5.3000000000000001e-06 4.6999999999999999e-06 3.4999999999999999e-06 
105 3.57e-05 4.3000000000000003e-06 1.15e-05 1.0000000000000001e-05 5.4e-06 4.5000000000000001e-06 3.9999999999999998e-06 
108 3.8399999999999998e-05 4.5000000000000001e-06 1.2099999999999999e-05 1.34e-05 5.3000000000000001e-06 5.4999999999999999e-06 3.8e-06 
111 3.8800000000000001e-05 4.4000000000000002e-06 1.2999999999999999e-05 1.3900000000000001e-05 5.6999999999999996e-06 5.2000000000000002e-06 4.4000000000000002e-06 
114 4.5800000000000002e-05 4.8999999999999997e-06 3.18e-05 1.4100000000000001e-05 6.0000000000000002e-06 5.3000000000000001e-06 4.4000000000000002e-06 
117 4.18e-05 4.8999999999999997e-06 1.3900000000000001e-05 1.15e-05 5.8000000000000004e-06 5.4999999999999999e-06 4.3000000000000003e-06 
120 4.49e-05 5.1000000000000003e-06 1.47e-05 1.4e-05 6.3999999999999997e-06 5.5999999999999997e-06 4.6e-06 
123 4.6199999999999998e-05 5.2000000000000002e-06 1.47e-05 1.49e-05 6.1999999999999999e-06 5.8000000000000004e-06 5.0000000000000004e-06 
126 5.0300000000000003e-05 5.6999999999999996e-06 1.5400000000000002e-05 1.4399999999999999e-05 6.7000000000000002e-06 6.2999999999999998e-06 5.1000000000000003e-06 
129 5.7000000000000003e-05 6.0000000000000002e-06 1.66e-05 1.3200000000000001e-05 6.9e-06 5.9000000000000003e-06 5.2000000000000002e-06 
132 5.6199999999999997e-05 5.9000000000000003e-06 1.6200000000000001e-05 1.5699999999999999e-05 6.4999999999999996e-06 6.1e-06 5.4e-06 
135 6.0300000000000002e-05 6.2999999999999998e-06 1.73e-05 1.29e-05 7.1999999999999997e-06 6.1999999999999999e-06 5.2000000000000002e-06 
138 9.1100000000000005e-05 6.1999999999999999e-06 1.7399999999999999e-05 1.7200000000000001e-05 7.0999999999999998e-06 6.1999999999999999e-06 5.4e-06 
141 6.3299999999999994e-05 6.7000000000000002e-06 1.8700000000000001e-05 1.63e-05 7.3000000000000004e-06 6.9e-06 5.4999999999999999e-06 
144 5.4500000000000003e-05 3.9999999999999998e-06 1.1199999999999999e-05 9.9000000000000001e-06 4.6e-06 1.06e-05 3.4999999999999999e-06 
147 3.9799999999999998e-05 4.1999999999999996e-06 1.1600000000000001e-05 1.3900000000000001e-05 4.6999999999999999e-06 4.3000000000000003e-06 3.7000000000000002e-06 
150 4.3800000000000001e-05 4.4000000000000002e-06 1.22e-05 1.03e-05 4.6e-06 4.0999999999999997e-06 3.4000000000000001e-06 
153 4.35e-05 4.6999999999999999e-06 1.2799999999999999e-05 1.0499999999999999e-05 4.6e-06 4.3000000000000003e-06 3.5999999999999998e-06 
156 4.2400000000000001e-05 4.3000000000000003e-06 1.27e-05 8.4999999999999999e-06 4.6999999999999999e-06 3.9999999999999998e-06 3.4000000000000001e-06 
159 4.6799999999999999e-05 4.8999999999999997e-06 2.3300000000000001e-05 1.08e-05 4.8999999999999997e-06 4.5000000000000001e-06 4.0999999999999997e-06 
162 4.5000000000000003e-05 4.5000000000000001e-06 1.36e-05 1.03e-05 4.8999999999999997e-06 4.5000000000000001e-06 3.8e-06 
165 5.1e-05 5.3000000000000001e-06 1.4399999999999999e-05 1.1199999999999999e-05 5.2000000000000002e-06 4.6e-06 4.0999999999999997e-06 
168 5.0500000000000001e-05 5.3000000000000001e-06 1.43e-05 1.11e-05 5.2000000000000002e-06 4.6e-06 3.9999999999999998e-06 
171 4.9400000000000001e-05 5.1000000000000003e-06 1.5099999999999999e-05 1.1600000000000001e-05 5.4e-06 5.0000000000000004e-06 4.0999999999999997e-06 
174 5.7099999999999999e-05 5.9000000000000003e-06 1.52e-05 9.5999999999999996e-06 5.5999999999999997e-06 5.1000000000000003e-06 4.3000000000000003e-06 
177 5.5999999999999999e-05 5.6999999999999996e-06 1.6099999999999998e-05 1.1800000000000001e-05 5.5999999999999997e-06 5.2000000000000002e-06 4.3000000000000003e-06 
180 5.7599999999999997e-05 6.0000000000000002e-06 1.6099999999999998e-05 1.6200000000000001e-05 5.6999999999999996e-06 5.3000000000000001e-06 4.6999999999999999e-06 
183 5.7800000000000002e-05 5.8000000000000004e-06 1.7e-05 1.2099999999999999e-05 5.8000000000000004e-06 5.4e-06 4.5000000000000001e-06 
186 6.5699999999999998e-05 6.4999999999999996e-06 1.7799999999999999e-05 1.22e-05 6.1e-06 5.5999999999999997e-06 4.6e-06 
189 6.4300000000000004e-05 6.6000000000000003e-06 1.7799999999999999e-05 2.7900000000000001e-05 5.9000000000000003e-06 5.4e-06 4.6e-06 
192 6.1299999999999999e-05 6.2999999999999998e-06 1.7399999999999999e-05 1.1800000000000001e-05 6.1999999999999999e-06 5.6999999999999996e-06 5.1000000000000003e-06 
195 6.5900000000000003e-05 6.6000000000000003e-06 1.77e-05 1.2500000000000001e-05 6.2999999999999998e-06 5.4999999999999999e-06 4.8999999999999997e-06 
198 6.5500000000000006e-05 6.6000000000000003e-06 1.8600000000000001e-05 1.2799999999999999e-05 6.3999999999999997e-06 5.8000000000000004e-06 4.8999999999999997e-06 
