2 9.9999999999999995e-08 9.9999999999999995e-08 0 3.9999999999999998e-07 9.9999999999999995e-08 9.9999999999999995e-08 9.9999999999999995e-08 
4 9.9999999999999995e-08 0 9.9999999999999995e-08 3.9999999999999998e-07 1.9999999999999999e-07 1.9999999999999999e-07 9.9999999999999995e-08 
8 2.9999999999999999e-07 9.9999999999999995e-08 2.9999999999999999e-07 7.9999999999999996e-07 1.9999999999999999e-07 9.9999999999999995e-08 9.9999999999999995e-08 
16 7.9999999999999996e-07 2.9999999999999999e-07 5.9999999999999997e-07 1.3e-06 5.9999999999999997e-07 2.9999999999999999e-07 2.9999999999999999e-07 
32 3.0000000000000001e-06 5.9999999999999997e-07 1.3999999999999999e-06 2.3e-06 7.9999999999999996e-07 8.9999999999999996e-07 5.9999999999999997e-07 
64 9.7000000000000003e-06 1.3999999999999999e-06 3.5999999999999998e-06 4.6e-06 2.0999999999999998e-06 1.9e-06 1.5e-06 
128 3.2100000000000001e-05 3.7000000000000002e-06 1.08e-05 9.3999999999999998e-06 4.6e-06 4.0999999999999997e-06 3.7000000000000002e-06 
256 0.00013109999999999999 1.27e-05 3.5599999999999998e-05 2.0299999999999999e-05 1.06e-05 9.7999999999999993e-06 8.8999999999999995e-06 
512 0.00051710000000000005 4.6400000000000003e-05 0.0001249 4.0800000000000002e-05 2.3200000000000001e-05 2.02e-05 1.9300000000000002e-05 
1024 0.0020170000000000001 0.00017870000000000001 0.00046059999999999997 8.0799999999999999e-05 4.9400000000000001e-05 4.3699999999999998e-05 4.3300000000000002e-05 
2048 0.0076683000000000003 0.00065550000000000005 0.0016479000000000001 0.00018919999999999999 0.00010179999999999999 9.59e-05 0.00013339999999999999 
4096 0.032605501000000002 0.0026378999999999999 0.0065167000000000003 0.00040049999999999998 0.00023110000000000001 0.00021780000000000001 0.00022259999999999999 
8192 0.16192700300000001 0.012316000000000001 0.028239301000000001 0.00084880000000000003 0.00051420000000000003 0.00044900000000000002 0.00044969999999999998 
