2 0 9.9999999999999995e-08 9.9999999999999995e-08 2.9999999999999999e-07 9.9999999999999995e-08 1.9999999999999999e-07 9.9999999999999995e-08 
4 9.9999999999999995e-08 9.9999999999999995e-08 9.9999999999999995e-08 3.9999999999999998e-07 1.9999999999999999e-07 9.9999999999999995e-08 9.9999999999999995e-08 
8 1.9999999999999999e-07 1.9999999999999999e-07 2.9999999999999999e-07 6.9999999999999997e-07 1.9999999999999999e-07 1.9999999999999999e-07 9.9999999999999995e-08 
16 5.9999999999999997e-07 1.9999999999999999e-07 5.9999999999999997e-07 1.1999999999999999e-06 4.9999999999999998e-07 2.9999999999999999e-07 2.9999999999999999e-07 
32 2.7e-06 5.9999999999999997e-07 1.3999999999999999e-06 2.3999999999999999e-06 9.9999999999999995e-07 8.9999999999999996e-07 5.9999999999999997e-07 
64 8.8999999999999995e-06 1.3e-06 3.5999999999999998e-06 4.6e-06 1.9999999999999999e-06 1.9999999999999999e-06 1.3999999999999999e-06 
128 3.7100000000000001e-05 3.9999999999999998e-06 1.11e-05 9.0000000000000002e-06 4.4000000000000002e-06 3.9999999999999998e-06 3.5999999999999998e-06 
256 0.0001671 1.3200000000000001e-05 3.5299999999999997e-05 1.9199999999999999e-05 1.03e-05 9.0999999999999993e-06 8.6999999999999997e-06 
512 0.00049180000000000003 4.49e-05 0.0001209 3.82e-05 2.2099999999999998e-05 1.9700000000000001e-05 1.8099999999999999e-05 
1024 0.0019201000000000001 0.0001841 0.00042729999999999998 7.8999999999999996e-05 5.7000000000000003e-05 4.2799999999999997e-05 3.8800000000000001e-05 
2048 0.0075992000000000004 0.00066520000000000001 0.0016105 0.00016210000000000001 9.98e-05 9.3499999999999996e-05 8.7700000000000004e-05 
4096 0.032616500999999999 0.0026194 0.0065214000000000001 0.00035510000000000001 0.0002229 0.0002086 0.000203 
8192 0.15235580300000001 0.011638300000000001 0.028049501000000001 0.00084400000000000002 0.00051480000000000004 0.0004548 0.00044910000000000002 
