2 9.9999999999999995e-08 1.9999999999999999e-07 0 3.9999999999999998e-07 9.9999999999999995e-08 1.9999999999999999e-07 9.9999999999999995e-08 
4 1.9999999999999999e-07 9.9999999999999995e-08 1.9999999999999999e-07 5.9999999999999997e-07 9.9999999999999995e-08 1.9999999999999999e-07 1.9999999999999999e-07 
8 2.9999999999999999e-07 2.9999999999999999e-07 3.9999999999999998e-07 7.9999999999999996e-07 1.9999999999999999e-07 1.9999999999999999e-07 1.9999999999999999e-07 
16 1.3e-06 3.9999999999999998e-07 7.9999999999999996e-07 1.7e-06 4.9999999999999998e-07 3.9999999999999998e-07 2.9999999999999999e-07 
32 3.8999999999999999e-06 6.9999999999999997e-07 1.9e-06 3.1e-06 1.1999999999999999e-06 1.3e-06 6.9999999999999997e-07 
64 1.3499999999999999e-05 1.9e-06 5.1000000000000003e-06 5.8000000000000004e-06 2.5000000000000002e-06 2.5000000000000002e-06 1.9e-06 
128 4.9700000000000002e-05 7.4000000000000003e-06 1.5999999999999999e-05 1.3200000000000001e-05 2.51e-05 6.0000000000000002e-06 5.0000000000000004e-06 
256 0.00018330000000000001 1.7600000000000001e-05 4.71e-05 2.65e-05 1.36e-05 1.26e-05 1.06e-05 
512 0.0007136 6.5199999999999999e-05 0.00016100000000000001 5.27e-05 2.8900000000000001e-05 2.73e-05 2.3300000000000001e-05 
1024 0.0025514999999999999 0.0002175 0.00057709999999999999 0.000115 6.0600000000000003e-05 5.5000000000000002e-05 5.2599999999999998e-05 
2048 0.0098753999999999995 0.00083540000000000003 0.0021423000000000002 0.0002118 0.00013559999999999999 0.0001226 0.0001175 
4096 0.041001001000000002 0.0033222 0.0081537999999999992 0.00046089999999999998 0.00027040000000000001 0.00027300000000000002 0.00023839999999999999 
8192 0.18751330399999999 0.0142673 0.033232500999999998 0.0010306 0.00063119999999999995 0.00061129999999999995 0.00064780000000000003 
