2 9.9999999999999995e-08 9.9999999999999995e-08 9.9999999999999995e-08 5.9999999999999997e-07 9.9999999999999995e-08 9.9999999999999995e-08 9.9999999999999995e-08 
4 9.9999999999999995e-08 9.9999999999999995e-08 9.9999999999999995e-08 4.9999999999999998e-07 1.9999999999999999e-07 1.9999999999999999e-07 1.9999999999999999e-07 
8 3.9999999999999998e-07 1.9999999999999999e-07 2.9999999999999999e-07 6.9999999999999997e-07 2.9999999999999999e-07 2.9999999999999999e-07 1.9999999999999999e-07 
16 8.9999999999999996e-07 3.9999999999999998e-07 6.9999999999999997e-07 1.5999999999999999e-06 5.9999999999999997e-07 3.9999999999999998e-07 2.9999999999999999e-07 
32 3.4999999999999999e-06 6.9999999999999997e-07 1.7e-06 3.0000000000000001e-06 1.1999999999999999e-06 1.1999999999999999e-06 6.9999999999999997e-07 
64 1.29e-05 1.7999999999999999e-06 4.8999999999999997e-06 5.4e-06 2.6000000000000001e-06 2.3e-06 1.9e-06 
128 4.5800000000000002e-05 5.1000000000000003e-06 1.4100000000000001e-05 1.1399999999999999e-05 5.9000000000000003e-06 5.5999999999999997e-06 4.5000000000000001e-06 
256 0.00019320000000000001 1.73e-05 4.49e-05 2.5000000000000001e-05 1.33e-05 1.2e-05 1.11e-05 
512 0.00064130000000000003 5.8100000000000003e-05 0.00017479999999999999 5.1400000000000003e-05 2.7900000000000001e-05 2.72e-05 2.2799999999999999e-05 
1024 0.0026773999999999999 0.00028049999999999999 0.00064590000000000003 0.00010849999999999999 6.4499999999999996e-05 5.7299999999999997e-05 5.5399999999999998e-05 
2048 0.0111594 0.00091310000000000002 0.0024030000000000002 0.00022469999999999999 0.0001574 0.00012960000000000001 0.0001208 
4096 0.057760901000000003 0.0047949999999999998 0.010987901 0.00057620000000000002 0.0004149 0.00038489999999999998 0.00034820000000000001 
8192 0.21261550400000001 0.0120395 0.033529501000000003 0.0010964 0.00063610000000000001 0.00060170000000000004 0.00060510000000000002 
