2 9.9999999999999995e-08 0 9.9999999999999995e-08 1.3e-06 9.9999999999999995e-08 1.9999999999999999e-07 1.9999999999999999e-07 
4 9.9999999999999995e-08 0 9.9999999999999995e-08 4.9999999999999998e-07 9.9999999999999995e-08 0 0 
8 1.9999999999999999e-07 9.9999999999999995e-08 1.9999999999999999e-07 5.9999999999999997e-07 2.9999999999999999e-07 9.9999999999999995e-08 9.9999999999999995e-08 
16 5.9999999999999997e-07 1.9999999999999999e-07 4.9999999999999998e-07 1.1999999999999999e-06 3.9999999999999998e-07 1.9999999999999999e-07 2.9999999999999999e-07 
32 2.3e-06 3.9999999999999998e-07 1.1999999999999999e-06 2.2000000000000001e-06 7.9999999999999996e-07 7.9999999999999996e-07 4.9999999999999998e-07 
64 8.6999999999999997e-06 1.1999999999999999e-06 3.3000000000000002e-06 6.1e-06 1.9e-06 1.9e-06 1.1999999999999999e-06 
128 3.0499999999999999e-05 3.4000000000000001e-06 9.7000000000000003e-06 8.1000000000000004e-06 3.8999999999999999e-06 3.8e-06 3.1e-06 
256 0.00011900000000000001 1.1399999999999999e-05 3.1300000000000002e-05 1.7200000000000001e-05 8.8999999999999995e-06 7.9000000000000006e-06 7.1999999999999997e-06 
512 0.0004526 4.1600000000000002e-05 0.0001076 3.7100000000000001e-05 1.9899999999999999e-05 1.8300000000000001e-05 1.6500000000000001e-05 
1024 0.0017386000000000001 0.0001506 0.00039510000000000001 7.1699999999999995e-05 4.0200000000000001e-05 3.6900000000000002e-05 3.4100000000000002e-05 
2048 0.0064257999999999997 0.00062830000000000004 0.0013617 0.00016589999999999999 8.2600000000000002e-05 7.5500000000000006e-05 7.1000000000000005e-05 
4096 0.027650101999999999 0.0021756010000000001 0.0052611999999999997 0.00030360000000000001 0.00019239999999999999 0.00017039999999999999 0.00018139999999999999 
8192 0.15089871099999999 0.0116647 0.027031802000000001 0.00085349999999999998 0.00049950000000000005 0.00048119999999999999 0.00045260100000000001 
