60 7.1999999999999997e-06 9.9999999999999995e-07 2.5000000000000002e-06 4.3000000000000003e-06 1.5999999999999999e-06 1.3e-06 1.1000000000000001e-06 
63 7.6000000000000001e-06 9.9999999999999995e-07 3.0000000000000001e-06 3.4999999999999999e-06 1.5999999999999999e-06 1.5999999999999999e-06 1.1000000000000001e-06 
66 8.3000000000000002e-06 1.1999999999999999e-06 3.1e-06 3.4999999999999999e-06 1.5999999999999999e-06 1.5999999999999999e-06 1.1999999999999999e-06 
69 8.3000000000000002e-06 1.1000000000000001e-06 3.1999999999999999e-06 3.7000000000000002e-06 1.5999999999999999e-06 1.5999999999999999e-06 1.1000000000000001e-06 
72 9.5999999999999996e-06 1.1999999999999999e-06 3.4999999999999999e-06 3.7000000000000002e-06 1.7999999999999999e-06 1.5999999999999999e-06 1.3e-06 
75 9.3000000000000007e-06 1.1999999999999999e-06 3.5999999999999998e-06 3.8999999999999999e-06 1.9e-06 1.5999999999999999e-06 1.3999999999999999e-06 
78 1.1800000000000001e-05 1.5e-06 4.0999999999999997e-06 3.8999999999999999e-06 1.9999999999999999e-06 1.9e-06 1.5999999999999999e-06 
81 1.17e-05 1.5e-06 4.4000000000000002e-06 3.9999999999999998e-06 2.0999999999999998e-06 1.7e-06 1.5e-06 
84 1.19e-05 1.5999999999999999e-06 4.3000000000000003e-06 4.4000000000000002e-06 2.0999999999999998e-06 1.9e-06 1.5999999999999999e-06 
87 1.4600000000000001e-05 1.7e-06 4.3000000000000003e-06 4.5000000000000001e-06 2.0999999999999998e-06 1.9e-06 1.9999999999999999e-06 
90 1.43e-05 1.7999999999999999e-06 4.7999999999999998e-06 5.8000000000000004e-06 2.3999999999999999e-06 2.3e-06 1.9e-06 
93 1.52e-05 1.7999999999999999e-06 5.2000000000000002e-06 5.9000000000000003e-06 2.3999999999999999e-06 2.3e-06 1.9999999999999999e-06 
96 1.56e-05 1.9999999999999999e-06 5.4e-06 6.0000000000000002e-06 2.6000000000000001e-06 2.3e-06 2.0999999999999998e-06 
99 1.66e-05 1.9999999999999999e-06 5.8000000000000004e-06 6.4999999999999996e-06 2.6000000000000001e-06 2.3999999999999999e-06 1.9999999999999999e-06 
102 1.77e-05 1.9999999999999999e-06 5.9000000000000003e-06 6.4999999999999996e-06 2.7e-06 2.7999999999999999e-06 2.3e-06 
105 3.3000000000000003e-05 2.2000000000000001e-06 6.1999999999999999e-06 6.8000000000000001e-06 3.0000000000000001e-06 2.7e-06 2.0999999999999998e-06 
108 1.8899999999999999e-05 2.2000000000000001e-06 6.1999999999999999e-06 5.6999999999999996e-06 2.9000000000000002e-06 2.6000000000000001e-06 1.9999999999999999e-06 
111 1.9899999999999999e-05 2.3999999999999999e-06 6.8000000000000001e-06 7.0999999999999998e-06 3.1e-06 2.9000000000000002e-06 2.2000000000000001e-06 
114 2.27e-05 2.6000000000000001e-06 6.8000000000000001e-06 7.0999999999999998e-06 3.1999999999999999e-06 3.0000000000000001e-06 2.3999999999999999e-06 
117 2.3300000000000001e-05 2.6000000000000001e-06 7.6000000000000001e-06 7.4000000000000003e-06 3.3000000000000002e-06 3.0000000000000001e-06 2.3e-06 
120 2.4600000000000002e-05 2.7e-06 7.6000000000000001e-06 7.3000000000000004e-06 3.1999999999999999e-06 3.0000000000000001e-06 2.7e-06 
123 2.83e-05 3.0000000000000001e-06 7.9999999999999996e-06 7.6000000000000001e-06 3.4000000000000001e-06 3.1e-06 2.5000000000000002e-06 
126 2.7900000000000001e-05 2.9000000000000002e-06 8.3000000000000002e-06 7.6000000000000001e-06 3.5999999999999998e-06 3.1e-06 2.7e-06 
129 2.9899999999999998e-05 3.1999999999999999e-06 8.8000000000000004e-06 7.9000000000000006e-06 3.5999999999999998e-06 3.3000000000000002e-06 2.7e-06 
132 2.8900000000000001e-05 3.3000000000000002e-06 8.4999999999999999e-06 7.9999999999999996e-06 3.8e-06 3.3000000000000002e-06 2.7999999999999999e-06 
135 2.9499999999999999e-05 3.1999999999999999e-06 9.3000000000000007e-06 8.6000000000000007e-06 3.8e-06 3.4999999999999999e-06 2.7e-06 
138 3.4499999999999998e-05 3.8e-06 9.7999999999999993e-06 8.6999999999999997e-06 3.7000000000000002e-06 3.4999999999999999e-06 3.0000000000000001e-06 
141 3.2799999999999998e-05 3.5999999999999998e-06 9.7000000000000003e-06 9.0999999999999993e-06 3.8999999999999999e-06 3.5999999999999998e-06 3.0000000000000001e-06 
144 3.4499999999999998e-05 3.5999999999999998e-06 2.0400000000000001e-05 9.2e-06 3.9999999999999998e-06 3.8e-06 3.1e-06 
147 3.7400000000000001e-05 3.8e-06 1.06e-05 9.5999999999999996e-06 4.3000000000000003e-06 3.8999999999999999e-06 3.4000000000000001e-06 
150 3.8899999999999997e-05 4.1999999999999996e-06 1.1199999999999999e-05 9.3999999999999998e-06 4.4000000000000002e-06 4.0999999999999997e-06 3.3000000000000002e-06 
153 3.8999999999999999e-05 3.9999999999999998e-06 1.15e-05 9.7000000000000003e-06 4.1999999999999996e-06 3.9999999999999998e-06 3.4000000000000001e-06 
156 4.18e-05 4.3000000000000003e-06 1.1800000000000001e-05 9.7000000000000003e-06 4.4000000000000002e-06 4.0999999999999997e-06 3.5999999999999998e-06 
159 4.0299999999999997e-05 4.3000000000000003e-06 1.27e-05 9.5999999999999996e-06 4.5000000000000001e-06 4.0999999999999997e-06 3.5999999999999998e-06 
162 4.21e-05 4.4000000000000002e-06 1.2500000000000001e-05 1.0000000000000001e-05 4.6e-06 4.3000000000000003e-06 3.5999999999999998e-06 
165 4.57e-05 4.8999999999999997e-06 1.3200000000000001e-05 1.0000000000000001e-05 4.6999999999999999e-06 4.3000000000000003e-06 3.8999999999999999e-06 
168 4.6e-05 4.6999999999999999e-06 1.34e-05 1.03e-05 4.5000000000000001e-06 4.5000000000000001e-06 3.4999999999999999e-06 
171 4.85e-05 5.1000000000000003e-06 1.3499999999999999e-05 1.06e-05 5.0000000000000004e-06 4.8999999999999997e-06 3.8e-06 
174 5.0500000000000001e-05 5.2000000000000002e-06 1.43e-05 1.06e-05 5.2000000000000002e-06 4.7999999999999998e-06 3.8e-06 
177 5.2099999999999999e-05 5.4999999999999999e-06 1.47e-05 1.11e-05 5.1000000000000003e-06 4.8999999999999997e-06 4.3000000000000003e-06 
180 5.3100000000000003e-05 5.3000000000000001e-06 1.52e-05 1.11e-05 5.3000000000000001e-06 4.7999999999999998e-06 4.0999999999999997e-06 
183 5.3600000000000002e-05 5.3000000000000001e-06 1.5400000000000002e-05 1.13e-05 5.3000000000000001e-06 4.8999999999999997e-06 4.1999999999999996e-06 
186 5.8900000000000002e-05 6.1e-06 1.5800000000000001e-05 1.13e-05 5.5999999999999997e-06 5.0000000000000004e-06 4.0999999999999997e-06 
189 5.5500000000000001e-05 5.8000000000000004e-06 1.6399999999999999e-05 1.1600000000000001e-05 5.4999999999999999e-06 5.1000000000000003e-06 4.4000000000000002e-06 
192 6.02e-05 6.1e-06 1.63e-05 1.1600000000000001e-05 5.2000000000000002e-06 5.3000000000000001e-06 4.7999999999999998e-06 
195 5.9899999999999999e-05 6.1e-06 1.7399999999999999e-05 1.2e-05 2.19e-05 5.4e-06 4.4000000000000002e-06 
198 6.7799999999999995e-05 6.6000000000000003e-06 1.73e-05 1.24e-05 5.6999999999999996e-06 5.5999999999999997e-06 4.5000000000000001e-06 
