2 0 9.9999999999999995e-08 9.9999999999999995e-08 2.9999999999999999e-07 9.9999999999999995e-08 9.9999999999999995e-08 9.9999999999999995e-08 
4 9.9999999999999995e-08 9.9999999999999995e-08 0 2.9999999999999999e-07 9.9999999999999995e-08 9.9999999999999995e-08 9.9999999999999995e-08 
8 9.9999999999999995e-08 9.9999999999999995e-08 1.9999999999999999e-07 5.9999999999999997e-07 1.9999999999999999e-07 1.9999999999999999e-07 9.9999999999999995e-08 
16 5.9999999999999997e-07 2.9999999999999999e-07 3.9999999999999998e-07 9.9999999999999995e-07 3.9999999999999998e-07 1.9999999999999999e-07 1.9999999999999999e-07 
32 2.8500000000000002e-05 4.9999999999999998e-07 9.9999999999999995e-07 2.6000000000000001e-06 6.9999999999999997e-07 7.9999999999999996e-07 5.9999999999999997e-07 
64 6.9e-06 9.9999999999999995e-07 2.9000000000000002e-06 3.5999999999999998e-06 1.7999999999999999e-06 1.601e-06 1.1000000000000001e-06 
128 2.83e-05 3.1999999999999999e-06 9.3999999999999998e-06 8.3000000000000002e-06 3.7000000000000002e-06 3.3000000000000002e-06 2.7999999999999999e-06 
256 0.0001099 1.0900000000000001e-05 2.87e-05 1.6099999999999998e-05 8.1000000000000004e-06 7.6000000000000001e-06 6.9e-06 
512 0.00042430000000000001 3.9900000000000001e-05 0.0001 4.6e-05 1.73e-05 1.5800000000000001e-05 1.45e-05 
1024 0.0016260000000000001 0.00014359999999999999 0.00035149999999999998 6.4399999999999993e-05 3.8899999999999997e-05 3.4799999999999999e-05 3.3099999999999998e-05 
2048 0.0062335999999999997 0.00056820000000000004 0.001294 0.00013200000000000001 8.0400000000000003e-05 7.4099999999999999e-05 7.0900000000000002e-05 
4096 0.028693799999999998 0.0023812 0.0054603000000000004 0.00029530000000000002 0.00018330000000000001 0.00019019999999999999 0.00015880000000000001 
8192 0.138672403 0.0114862 0.028215901000000002 0.00086260000000000004 0.00050199999999999995 0.00049459999999999999 0.00050049999999999997 
