2 9.9999999999999995e-08 9.9999999999999995e-08 0 3.9999999999999998e-07 9.9999999999999995e-08 9.9999999999999995e-08 9.9999999999999995e-08 
4 9.9999999999999995e-08 1.9999999999999999e-07 9.9999999999999995e-08 4.9999999999999998e-07 1.9999999999999999e-07 9.9999999999999995e-08 9.9999999999999995e-08 
8 1.9999999999999999e-07 1.9999999999999999e-07 1.9999999999999999e-07 4.9999999999999998e-07 2.9999999999999999e-07 9.9999999999999995e-08 9.9999999999999995e-08 
16 1.1000000000000001e-06 2.9999999999999999e-07 5.9999999999999997e-07 1.3e-06 4.9999999999999998e-07 2.9999999999999999e-07 2.9999999999999999e-07 
32 2.0999999999999998e-06 4.9999999999999998e-07 1.3e-06 2.2000000000000001e-06 9.9999999999999995e-07 8.9999999999999996e-07 5.9999999999999997e-07 
64 9.7000000000000003e-06 1.3999999999999999e-06 3.7000000000000002e-06 4.5000000000000001e-06 2.0999999999999998e-06 1.9e-06 1.5e-06 
128 3.5899999999999998e-05 3.9999999999999998e-06 1.0900000000000001e-05 8.8000000000000004e-06 4.7999999999999998e-06 4.1999999999999996e-06 3.4999999999999999e-06 
256 0.0001282 1.24e-05 3.68e-05 1.9199999999999999e-05 1.04e-05 9.3999999999999998e-06 7.9999999999999996e-06 
512 0.00051139999999999996 4.6799999999999999e-05 0.0001393 7.9099999999999998e-05 2.2500000000000001e-05 2.02e-05 1.7900000000000001e-05 
1024 0.0020325999999999999 0.0001773 0.00049609999999999997 8.2999999999999998e-05 5.0599999999999997e-05 4.49e-05 4.2400000000000001e-05 
2048 0.0077159000000000004 0.00066140000000000003 0.0016528999999999999 0.00016589999999999999 0.0001114 9.3700000000000001e-05 8.9900000000000003e-05 
4096 0.033692301000000001 0.0026981000000000002 0.0066141000000000004 0.00035809999999999998 0.0002265 0.0002096 0.000202 
8192 0.16029980299999999 0.012662801 0.031251000000000001 0.0012405999999999999 0.00067820000000000001 0.00060550000000000003 0.0005731 
