60 8.6000000000000007e-06 1.1999999999999999e-06 3.4000000000000001e-06 5.6999999999999996e-06 1.9e-06 1.9e-06 1.3e-06 
63 9.0000000000000002e-06 1.3e-06 3.4999999999999999e-06 4.1999999999999996e-06 1.9e-06 1.9e-06 1.3999999999999999e-06 
66 8.8000000000000004e-06 1.1999999999999999e-06 3.4999999999999999e-06 4.5000000000000001e-06 1.9999999999999999e-06 1.7e-06 1.3999999999999999e-06 
69 1.22e-05 1.5999999999999999e-06 4.3000000000000003e-06 4.6e-06 1.9999999999999999e-06 1.7999999999999999e-06 1.5999999999999999e-06 
72 1.1199999999999999e-05 1.5e-06 4.3000000000000003e-06 4.6e-06 2.0999999999999998e-06 1.9999999999999999e-06 1.5999999999999999e-06 
75 1.2500000000000001e-05 1.5999999999999999e-06 4.7999999999999998e-06 4.7999999999999998e-06 2.3e-06 2.0999999999999998e-06 1.7e-06 
78 1.36e-05 1.7e-06 4.8999999999999997e-06 5.1000000000000003e-06 2.5000000000000002e-06 2.3e-06 1.7999999999999999e-06 
81 1.52e-05 1.7e-06 5.4e-06 5.3000000000000001e-06 2.6000000000000001e-06 2.3e-06 1.9e-06 
84 1.52e-05 1.9e-06 5.4999999999999999e-06 5.4999999999999999e-06 2.6000000000000001e-06 2.3e-06 1.9e-06 
87 1.6500000000000001e-05 1.9999999999999999e-06 5.6999999999999996e-06 5.4999999999999999e-06 2.7999999999999999e-06 2.3999999999999999e-06 1.9999999999999999e-06 
90 1.9199999999999999e-05 2.3e-06 6.0000000000000002e-06 5.8000000000000004e-06 2.7999999999999999e-06 2.7999999999999999e-06 2.5000000000000002e-06 
93 1.88e-05 2.2000000000000001e-06 6.2999999999999998e-06 7.4000000000000003e-06 2.7999999999999999e-06 2.9000000000000002e-06 2.3999999999999999e-06 
96 2.0699999999999998e-05 2.5000000000000002e-06 6.9999999999999999e-06 7.4000000000000003e-06 3.3000000000000002e-06 3.1e-06 2.7e-06 
99 2.1399999999999998e-05 2.6000000000000001e-06 7.0999999999999998e-06 8.1999999999999994e-06 3.4000000000000001e-06 3.1999999999999999e-06 2.7999999999999999e-06 
102 2.3200000000000001e-05 2.7999999999999999e-06 7.5000000000000002e-06 8.3999999999999992e-06 3.4999999999999999e-06 3.1999999999999999e-06 2.5000000000000002e-06 
105 2.5599999999999999e-05 3.0000000000000001e-06 7.7000000000000008e-06 8.3000000000000002e-06 3.7000000000000002e-06 3.7000000000000002e-06 2.7e-06 
108 3.7599999999999999e-05 3.0000000000000001e-06 8.1999999999999994e-06 9.0000000000000002e-06 3.8e-06 3.8e-06 2.7e-06 
111 2.23e-05 2.7e-06 8.3000000000000002e-06 8.6999999999999997e-06 3.8e-06 3.5999999999999998e-06 2.6000000000000001e-06 
114 2.9200000000000002e-05 3.1999999999999999e-06 8.8000000000000004e-06 9.3999999999999998e-06 4.1999999999999996e-06 3.5999999999999998e-06 3.0000000000000001e-06 
117 3.0300000000000001e-05 3.1999999999999999e-06 9.0999999999999993e-06 9.0000000000000002e-06 4.1999999999999996e-06 3.5999999999999998e-06 3.1999999999999999e-06 
120 3.15e-05 3.4999999999999999e-06 9.5999999999999996e-06 9.5999999999999996e-06 4.4000000000000002e-06 3.8e-06 3.4000000000000001e-06 
123 3.1300000000000002e-05 3.5999999999999998e-06 1.0000000000000001e-05 9.0000000000000002e-06 4.0999999999999997e-06 4.0999999999999997e-06 3.0000000000000001e-06 
126 3.43e-05 3.7000000000000002e-06 1.0200000000000001e-05 9.5999999999999996e-06 4.5000000000000001e-06 4.0999999999999997e-06 3.4000000000000001e-06 
129 3.6300000000000001e-05 3.9999999999999998e-06 1.0499999999999999e-05 9.7000000000000003e-06 4.6999999999999999e-06 4.1999999999999996e-06 3.5999999999999998e-06 
132 3.9100000000000002e-05 4.1999999999999996e-06 1.1199999999999999e-05 1.04e-05 4.5000000000000001e-06 4.5000000000000001e-06 3.4999999999999999e-06 
135 3.9900000000000001e-05 4.3000000000000003e-06 1.13e-05 1.04e-05 4.7999999999999998e-06 4.4000000000000002e-06 3.8e-06 
138 4.2500000000000003e-05 4.6e-06 1.17e-05 1.0900000000000001e-05 4.6999999999999999e-06 4.4000000000000002e-06 3.9999999999999998e-06 
141 4.0399999999999999e-05 4.1999999999999996e-06 1.22e-05 1.0900000000000001e-05 5.2000000000000002e-06 4.6999999999999999e-06 3.8999999999999999e-06 
144 4.3800000000000001e-05 4.8999999999999997e-06 1.3200000000000001e-05 1.1399999999999999e-05 5.1000000000000003e-06 5.0000000000000004e-06 3.8999999999999999e-06 
147 4.6699999999999997e-05 4.8999999999999997e-06 1.3900000000000001e-05 1.1399999999999999e-05 4.8999999999999997e-06 4.7999999999999998e-06 4.4000000000000002e-06 
150 4.9799999999999998e-05 5.1000000000000003e-06 1.38e-05 1.2099999999999999e-05 5.2000000000000002e-06 4.7999999999999998e-06 4.1999999999999996e-06 
153 4.9599999999999999e-05 5.4e-06 1.42e-05 1.19e-05 5.8000000000000004e-06 5.0000000000000004e-06 4.1999999999999996e-06 
156 4.88e-05 5.0000000000000004e-06 1.45e-05 1.2300000000000001e-05 5.4e-06 5.2000000000000002e-06 3.8999999999999999e-06 
159 5.3499999999999999e-05 5.4999999999999999e-06 1.4600000000000001e-05 1.22e-05 5.9000000000000003e-06 5.2000000000000002e-06 4.4000000000000002e-06 
162 6.3800000000000006e-05 5.4e-06 1.5800000000000001e-05 1.26e-05 5.9000000000000003e-06 5.3000000000000001e-06 4.5000000000000001e-06 
165 5.7200000000000001e-05 5.9000000000000003e-06 1.63e-05 1.31e-05 6.1999999999999999e-06 5.4999999999999999e-06 5.0000000000000004e-06 
168 5.9299999999999998e-05 6.1999999999999999e-06 1.6900000000000001e-05 1.27e-05 5.9000000000000003e-06 5.5999999999999997e-06 5.0000000000000004e-06 
171 5.63e-05 5.6999999999999996e-06 1.6399999999999999e-05 1.36e-05 6.0000000000000002e-06 5.6999999999999996e-06 4.6e-06 
174 6.1400000000000002e-05 6.4999999999999996e-06 1.8e-05 1.3499999999999999e-05 6.4999999999999996e-06 6.0000000000000002e-06 4.7999999999999998e-06 
177 6.1400000000000002e-05 6.2999999999999998e-06 4.5399999999999999e-05 1.4e-05 6.3999999999999997e-06 6.1e-06 4.7999999999999998e-06 
180 6.6000000000000005e-05 6.9e-06 1.8499999999999999e-05 1.43e-05 6.6000000000000003e-06 6.0000000000000002e-06 5.4999999999999999e-06 
183 6.8499999999999998e-05 6.9999999999999999e-06 1.9599999999999999e-05 1.4399999999999999e-05 6.9e-06 6.1e-06 5.3000000000000001e-06 
186 7.3100000000000001e-05 7.6000000000000001e-06 2.05e-05 1.47e-05 6.7000000000000002e-06 6.0000000000000002e-06 5.4e-06 
189 7.2600000000000003e-05 7.5000000000000002e-06 2.0599999999999999e-05 1.8e-05 7.5000000000000002e-06 7.4000000000000003e-06 5.4e-06 
192 7.9699999999999999e-05 8.1000000000000004e-06 2.0800000000000001e-05 1.42e-05 7.0999999999999998e-06 6.4999999999999996e-06 5.8000000000000004e-06 
195 7.5699999999999997e-05 7.7000000000000008e-06 2.12e-05 1.4800000000000001e-05 7.1999999999999997e-06 6.9999999999999999e-06 5.6999999999999996e-06 
198 7.5199999999999998e-05 7.7000000000000008e-06 2.19e-05 1.5099999999999999e-05 7.4000000000000003e-06 6.4999999999999996e-06 6.0000000000000002e-06 
