2 9.9999999999999995e-08 9.9999999999999995e-08 9.9999999999999995e-08 3.9999999999999998e-07 1.9999999999999999e-07 1.9999999999999999e-07 1.9999999999999999e-07 
4 1.9999999999999999e-07 1.9999999999999999e-07 9.9999999999999995e-08 5.9999999999999997e-07 1.9999999999999999e-07 1.9999999999999999e-07 1.9999999999999999e-07 
8 2.9999999999999999e-07 1.9999999999999999e-07 3.9999999999999998e-07 9.9999999999999995e-07 2.9999999999999999e-07 1.9999999999999999e-07 1.9999999999999999e-07 
16 1.1000000000000001e-06 4.9999999999999998e-07 8.9999999999999996e-07 1.9e-06 6.9999999999999997e-07 3.9999999999999998e-07 3.9999999999999998e-07 
32 4.8999999999999997e-06 7.9999999999999996e-07 2.2000000000000001e-06 3.5999999999999998e-06 1.3999999999999999e-06 1.3e-06 8.9999999999999996e-07 
64 1.5999999999999999e-05 1.9999999999999999e-06 5.4e-06 6.6000000000000003e-06 3.0000000000000001e-06 2.9000000000000002e-06 2.2000000000000001e-06 
128 5.24e-05 5.5999999999999997e-06 1.59e-05 1.38e-05 6.8000000000000001e-06 6.1999999999999999e-06 5.2000000000000002e-06 
256 0.00021460000000000001 2.1100000000000001e-05 5.3999999999999998e-05 2.9499999999999999e-05 1.59e-05 1.4e-05 1.24e-05 
512 0.00077430000000000001 7.0099999999999996e-05 0.00018589999999999999 5.8e-05 5.5399999999999998e-05 2.9899999999999998e-05 2.9099999999999999e-05 
1024 0.0027732999999999998 0.0002353 0.00060020099999999997 0.0001066 6.3600000000000001e-05 5.8400000000000003e-05 7.1699999999999995e-05 
2048 0.0095837000000000006 0.00081510000000000003 0.0020560000000000001 0.0001975 0.0001227 0.0001117 0.00011 
4096 0.037966702999999997 0.003029 0.0076957010000000001 0.00043340000000000002 0.00026729999999999999 0.0002474 0.00023550000000000001 
8192 0.19494431400000001 0.013712201 0.031892002000000003 0.00096489999999999998 0.00063409999999999996 0.00054129999999999998 0.00052729999999999997 
