60 6.8000000000000001e-06 9.9999999999999995e-07 2.7e-06 4.7999999999999998e-06 1.5999999999999999e-06 1.5999999999999999e-06 1.1000000000000001e-06 
63 9.0000000000000002e-06 1.3e-06 3.1e-06 5.0000000000000004e-06 1.7999999999999999e-06 1.5999999999999999e-06 1.3e-06 
66 9.0999999999999993e-06 1.3e-06 3.3000000000000002e-06 3.9999999999999998e-06 1.7999999999999999e-06 1.7e-06 1.3e-06 
69 9.3999999999999998e-06 1.3e-06 3.4999999999999999e-06 4.0999999999999997e-06 1.9999999999999999e-06 1.7999999999999999e-06 1.3e-06 
72 1.0900000000000001e-05 1.5e-06 3.5999999999999998e-06 4.1999999999999996e-06 2.2000000000000001e-06 1.7999999999999999e-06 1.5e-06 
75 1.0900000000000001e-05 1.3999999999999999e-06 3.8999999999999999e-06 4.3000000000000003e-06 2.0999999999999998e-06 1.7999999999999999e-06 1.5e-06 
78 1.27e-05 1.5e-06 3.8999999999999999e-06 4.5000000000000001e-06 2.0999999999999998e-06 1.9999999999999999e-06 1.7e-06 
81 1.27e-05 1.5e-06 4.5000000000000001e-06 4.5000000000000001e-06 2.3e-06 2.0999999999999998e-06 1.5999999999999999e-06 
84 1.3699999999999999e-05 1.5999999999999999e-06 5.1000000000000003e-06 4.8999999999999997e-06 2.3e-06 2.0999999999999998e-06 1.7999999999999999e-06 
87 1.4e-05 1.7999999999999999e-06 4.7999999999999998e-06 4.8999999999999997e-06 2.6000000000000001e-06 2.0999999999999998e-06 1.7999999999999999e-06 
90 1.66e-05 1.9e-06 5.4999999999999999e-06 5.2000000000000002e-06 2.3999999999999999e-06 2.3e-06 1.9999999999999999e-06 
93 1.59e-05 1.9999999999999999e-06 5.5999999999999997e-06 5.2000000000000002e-06 2.6000000000000001e-06 2.5000000000000002e-06 2.2000000000000001e-06 
96 1.88e-05 2.2000000000000001e-06 6.1999999999999999e-06 5.4999999999999999e-06 2.9000000000000002e-06 2.5000000000000002e-06 2.3e-06 
99 1.9700000000000001e-05 2.3999999999999999e-06 6.1999999999999999e-06 7.0999999999999998e-06 2.9000000000000002e-06 3.0000000000000001e-06 2.6000000000000001e-06 
102 2.09e-05 2.3999999999999999e-06 6.3999999999999997e-06 7.3000000000000004e-06 3.0000000000000001e-06 2.9000000000000002e-06 2.3999999999999999e-06 
105 2.2399999999999999e-05 2.7e-06 6.8000000000000001e-06 7.7000000000000008e-06 3.1999999999999999e-06 3.1e-06 2.7e-06 
108 2.3099999999999999e-05 2.6000000000000001e-06 7.4000000000000003e-06 7.7000000000000008e-06 3.1999999999999999e-06 3.0000000000000001e-06 2.3e-06 
111 2.4899999999999999e-05 2.7999999999999999e-06 7.7000000000000008e-06 7.9999999999999996e-06 3.4000000000000001e-06 3.0000000000000001e-06 2.7999999999999999e-06 
114 2.3900000000000002e-05 2.7e-06 8.1000000000000004e-06 8.1000000000000004e-06 3.4000000000000001e-06 3.3000000000000002e-06 2.5000000000000002e-06 
117 2.6599999999999999e-05 2.9000000000000002e-06 8.3999999999999992e-06 8.1000000000000004e-06 3.5999999999999998e-06 3.4000000000000001e-06 2.7e-06 
120 2.8200000000000001e-05 3.3000000000000002e-06 8.6000000000000007e-06 8.3000000000000002e-06 3.8e-06 3.4000000000000001e-06 3.1999999999999999e-06 
123 2.9200000000000002e-05 3.1999999999999999e-06 8.8000000000000004e-06 8.6999999999999997e-06 3.7000000000000002e-06 3.7000000000000002e-06 2.9000000000000002e-06 
126 2.9499999999999999e-05 3.3000000000000002e-06 9.3999999999999998e-06 8.6999999999999997e-06 4.0999999999999997e-06 3.8e-06 2.9000000000000002e-06 
129 3.2400000000000001e-05 3.5999999999999998e-06 9.5999999999999996e-06 8.8999999999999995e-06 3.8e-06 3.8e-06 3.1999999999999999e-06 
132 3.3500000000000001e-05 3.8e-06 1.01e-05 9.3999999999999998e-06 4.0999999999999997e-06 3.7000000000000002e-06 3.3000000000000002e-06 
135 3.3599999999999997e-05 3.5999999999999998e-06 1.0499999999999999e-05 9.7000000000000003e-06 4.1999999999999996e-06 3.8999999999999999e-06 3.4000000000000001e-06 
138 3.7400000000000001e-05 3.9999999999999998e-06 1.1e-05 9.7999999999999993e-06 4.0999999999999997e-06 3.8999999999999999e-06 3.4000000000000001e-06 
141 3.57e-05 3.8999999999999999e-06 1.13e-05 1.04e-05 4.0999999999999997e-06 4.0999999999999997e-06 3.7000000000000002e-06 
144 3.5200000000000002e-05 3.8e-06 1.13e-05 1.03e-05 4.6e-06 4.5000000000000001e-06 3.4000000000000001e-06 
147 4.0899999999999998e-05 4.4000000000000002e-06 1.17e-05 1.04e-05 4.7999999999999998e-06 4.1999999999999996e-06 3.5999999999999998e-06 
150 4.2599999999999999e-05 4.5000000000000001e-06 1.24e-05 1.0499999999999999e-05 4.8999999999999997e-06 4.6e-06 3.5999999999999998e-06 
153 4.4700000000000002e-05 4.6999999999999999e-06 1.2799999999999999e-05 1.04e-05 4.6999999999999999e-06 4.4000000000000002e-06 3.4999999999999999e-06 
156 4.5800000000000002e-05 4.6999999999999999e-06 1.27e-05 1.04e-05 4.6999999999999999e-06 5.0000000000000004e-06 3.9999999999999998e-06 
159 4.5500000000000001e-05 4.6999999999999999e-06 1.33e-05 1.06e-05 4.8999999999999997e-06 4.6999999999999999e-06 3.8999999999999999e-06 
162 4.8900000000000003e-05 5.0000000000000004e-06 1.38e-05 1.06e-05 5.3000000000000001e-06 5.0000000000000004e-06 4.1999999999999996e-06 
165 4.9200000000000003e-05 5.0000000000000004e-06 1.4399999999999999e-05 1.1e-05 5.3000000000000001e-06 4.8999999999999997e-06 4.0999999999999997e-06 
168 5.7000000000000003e-05 5.6999999999999996e-06 1.47e-05 1.1399999999999999e-05 5.3000000000000001e-06 5.0000000000000004e-06 4.5000000000000001e-06 
171 5.6199999999999997e-05 5.6999999999999996e-06 1.5299999999999999e-05 1.1600000000000001e-05 5.6999999999999996e-06 5.3000000000000001e-06 4.6999999999999999e-06 
174 5.49e-05 5.4999999999999999e-06 1.6200000000000001e-05 1.2300000000000001e-05 5.8000000000000004e-06 5.1000000000000003e-06 4.5000000000000001e-06 
177 5.7800000000000002e-05 5.8000000000000004e-06 1.6099999999999998e-05 1.2099999999999999e-05 5.6999999999999996e-06 4.8999999999999997e-06 4.4000000000000002e-06 
180 5.9799999999999997e-05 6.1999999999999999e-06 1.6900000000000001e-05 1.22e-05 5.9000000000000003e-06 5.2000000000000002e-06 4.6999999999999999e-06 
183 5.6900000000000001e-05 5.4999999999999999e-06 1.7099999999999999e-05 1.2500000000000001e-05 6.0000000000000002e-06 5.8000000000000004e-06 5.0000000000000004e-06 
186 6.4300000000000004e-05 6.4999999999999996e-06 1.7799999999999999e-05 1.2300000000000001e-05 5.9000000000000003e-06 5.4e-06 4.8999999999999997e-06 
189 6.3800000000000006e-05 6.2999999999999998e-06 1.8e-05 1.2999999999999999e-05 6.0000000000000002e-06 5.8000000000000004e-06 1.56e-05 
192 6.6500000000000004e-05 6.6000000000000003e-06 1.88e-05 1.26e-05 6.2999999999999998e-06 5.5999999999999997e-06 5.1000000000000003e-06 
195 6.9200000000000002e-05 6.9999999999999999e-06 1.9300000000000002e-05 1.27e-05 6.4999999999999996e-06 5.5999999999999997e-06 5.9000000000000003e-06 
198 7.3100000000000001e-05 7.4000000000000003e-06 2.0299999999999999e-05 1.3699999999999999e-05 6.2999999999999998e-06 5.8000000000000004e-06 4.7999999999999998e-06 
