60 6.7000000000000002e-06 8.9999999999999996e-07 2.7999999999999999e-06 4.6999999999999999e-06 1.5999999999999999e-06 1.5e-06 9.9999999999999995e-07 
63 7.9000000000000006e-06 1.1999999999999999e-06 3.0000000000000001e-06 3.7000000000000002e-06 1.5999999999999999e-06 1.5e-06 1.1999999999999999e-06 
66 8.1999999999999994e-06 1.1000000000000001e-06 3.1e-06 3.5999999999999998e-06 1.7e-06 1.5999999999999999e-06 1.1000000000000001e-06 
69 9.0999999999999993e-06 1.3e-06 3.4000000000000001e-06 3.8e-06 1.7999999999999999e-06 1.5e-06 1.3e-06 
72 1.01e-05 1.3e-06 3.7000000000000002e-06 4.0999999999999997e-06 1.7999999999999999e-06 1.7999999999999999e-06 1.5e-06 
75 1.08e-05 1.3999999999999999e-06 4.0999999999999997e-06 4.0999999999999997e-06 1.9999999999999999e-06 1.7e-06 1.5999999999999999e-06 
78 1.13e-05 1.5e-06 4.0999999999999997e-06 5.8000000000000004e-06 2.3e-06 1.9999999999999999e-06 1.5999999999999999e-06 
81 1.24e-05 1.5e-06 4.4000000000000002e-06 4.7999999999999998e-06 2.2000000000000001e-06 1.9e-06 1.7e-06 
84 1.33e-05 1.7e-06 4.6e-06 4.6999999999999999e-06 2.3e-06 2.0999999999999998e-06 1.7e-06 
87 1.4100000000000001e-05 1.7e-06 4.8999999999999997e-06 4.7999999999999998e-06 2.3999999999999999e-06 2.0999999999999998e-06 1.7999999999999999e-06 
90 1.56e-05 1.7999999999999999e-06 5.1000000000000003e-06 4.6999999999999999e-06 2.3999999999999999e-06 2.0999999999999998e-06 1.9999999999999999e-06 
93 1.5699999999999999e-05 1.9e-06 5.2000000000000002e-06 6.3999999999999997e-06 2.6000000000000001e-06 2.5000000000000002e-06 2.0999999999999998e-06 
96 1.63e-05 1.9999999999999999e-06 5.4e-06 5.2000000000000002e-06 2.7e-06 2.3999999999999999e-06 1.9999999999999999e-06 
99 1.8499999999999999e-05 2.0999999999999998e-06 5.8000000000000004e-06 6.7000000000000002e-06 2.7999999999999999e-06 2.7999999999999999e-06 2.3e-06 
102 1.8499999999999999e-05 2.0999999999999998e-06 6.0000000000000002e-06 5.8000000000000004e-06 2.7e-06 2.6000000000000001e-06 2.2000000000000001e-06 
105 1.9700000000000001e-05 2.3e-06 6.6000000000000003e-06 7.3000000000000004e-06 3.0000000000000001e-06 3.0000000000000001e-06 2.3e-06 
108 2.1999999999999999e-05 2.5000000000000002e-06 6.6000000000000003e-06 6.0000000000000002e-06 3.1e-06 2.7e-06 2.0999999999999998e-06 
111 2.19e-05 2.6000000000000001e-06 7.1999999999999997e-06 5.6999999999999996e-06 3.0000000000000001e-06 2.7999999999999999e-06 2.6000000000000001e-06 
114 2.58e-05 2.7e-06 7.6000000000000001e-06 7.4000000000000003e-06 3.3000000000000002e-06 3.1e-06 2.7e-06 
117 4.8999999999999998e-05 2.7e-06 7.6000000000000001e-06 8.1000000000000004e-06 3.4000000000000001e-06 3.0000000000000001e-06 2.6000000000000001e-06 
120 2.5999999999999998e-05 2.7999999999999999e-06 8.1000000000000004e-06 7.6000000000000001e-06 3.4000000000000001e-06 3.3000000000000002e-06 2.7999999999999999e-06 
123 2.8600000000000001e-05 3.1999999999999999e-06 8.6000000000000007e-06 8.1000000000000004e-06 3.7000000000000002e-06 3.4999999999999999e-06 2.9000000000000002e-06 
126 3.01e-05 3.1999999999999999e-06 8.8999999999999995e-06 7.9000000000000006e-06 3.7000000000000002e-06 3.4999999999999999e-06 2.7999999999999999e-06 
129 2.9099999999999999e-05 3.1999999999999999e-06 8.8000000000000004e-06 8.3000000000000002e-06 3.7000000000000002e-06 3.5999999999999998e-06 3.1e-06 
132 3.2199999999999997e-05 3.4999999999999999e-06 9.2e-06 8.6999999999999997e-06 3.7000000000000002e-06 3.5999999999999998e-06 3.1e-06 
135 3.2100000000000001e-05 3.4999999999999999e-06 9.9000000000000001e-06 9.0999999999999993e-06 4.1999999999999996e-06 3.8e-06 3.1999999999999999e-06 
138 3.29e-05 3.5999999999999998e-06 1.0200000000000001e-05 9.3999999999999998e-06 4.0999999999999997e-06 3.7000000000000002e-06 3.1999999999999999e-06 
141 3.6300000000000001e-05 3.8e-06 1.11e-05 9.5999999999999996e-06 4.0999999999999997e-06 3.8999999999999999e-06 3.4999999999999999e-06 
144 3.7400000000000001e-05 4.0999999999999997e-06 1.0900000000000001e-05 9.3000000000000007e-06 4.3000000000000003e-06 4.0999999999999997e-06 3.4999999999999999e-06 
147 3.7499999999999997e-05 3.9999999999999998e-06 1.11e-05 9.7000000000000003e-06 4.3000000000000003e-06 4.1999999999999996e-06 3.1e-06 
150 3.9700000000000003e-05 4.0999999999999997e-06 1.1399999999999999e-05 1.0000000000000001e-05 1.4600000000000001e-05 4.3000000000000003e-06 3.8e-06 
153 4.1300000000000001e-05 4.1999999999999996e-06 1.2300000000000001e-05 1.0200000000000001e-05 4.6e-06 3.9999999999999998e-06 3.7000000000000002e-06 
156 4.2899999999999999e-05 4.5000000000000001e-06 1.22e-05 1.04e-05 4.5000000000000001e-06 4.5000000000000001e-06 3.4999999999999999e-06 
159 4.7299999999999998e-05 5.0000000000000004e-06 1.3499999999999999e-05 1.0699999999999999e-05 5.4e-06 4.6999999999999999e-06 4.3000000000000003e-06 
162 5.1999999999999997e-05 5.3000000000000001e-06 1.4e-05 1.1399999999999999e-05 5.1000000000000003e-06 4.6999999999999999e-06 3.8999999999999999e-06 
165 4.9100000000000001e-05 5.0000000000000004e-06 1.4e-05 1.0900000000000001e-05 5.5999999999999997e-06 5.1000000000000003e-06 4.3000000000000003e-06 
168 5.6199999999999997e-05 5.9000000000000003e-06 1.4600000000000001e-05 1.1800000000000001e-05 5.4e-06 5.0000000000000004e-06 4.1999999999999996e-06 
171 5.4400000000000001e-05 5.6999999999999996e-06 1.52e-05 1.22e-05 5.4e-06 5.3000000000000001e-06 4.6e-06 
174 5.3499999999999999e-05 5.4999999999999999e-06 1.5400000000000002e-05 1.22e-05 5.4e-06 5.3000000000000001e-06 4.1999999999999996e-06 
177 6.1199999999999997e-05 6.1e-06 1.6399999999999999e-05 1.0499999999999999e-05 5.6999999999999996e-06 5.4e-06 4.4000000000000002e-06 
180 5.9500000000000003e-05 6.0000000000000002e-06 1.6399999999999999e-05 1.24e-05 5.9000000000000003e-06 5.2000000000000002e-06 4.6999999999999999e-06 
183 7.47e-05 6.0000000000000002e-06 1.6799999999999998e-05 1.2500000000000001e-05 6.1999999999999999e-06 5.1000000000000003e-06 4.5000000000000001e-06 
186 6.0300000000000002e-05 6.1e-06 1.6900000000000001e-05 1.24e-05 5.9000000000000003e-06 5.4e-06 4.6999999999999999e-06 
189 6.4700000000000001e-05 6.6000000000000003e-06 1.7600000000000001e-05 1.2500000000000001e-05 5.9000000000000003e-06 5.5999999999999997e-06 4.7999999999999998e-06 
192 6.1699999999999995e-05 6.2999999999999998e-06 1.8099999999999999e-05 1.26e-05 5.8000000000000004e-06 5.4e-06 4.6e-06 
195 6.6400000000000001e-05 6.8000000000000001e-06 1.88e-05 1.2799999999999999e-05 6.3999999999999997e-06 5.4e-06 4.7999999999999998e-06 
198 7.1199999999999996e-05 6.9999999999999999e-06 1.9400000000000001e-05 1.33e-05 6.7000000000000002e-06 5.9000000000000003e-06 5.2000000000000002e-06 
