2 9.9999999999999995e-08 9.9999999999999995e-08 9.9999999999999995e-08 5.9999999999999997e-07 9.9999999999999995e-08 1.9999999999999999e-07 1.9999999999999999e-07 
4 1.9999999999999999e-07 1.9999999999999999e-07 1.9999999999999999e-07 7.9999999999999996e-07 9.9999999999999995e-08 1.9999999999999999e-07 1.9999999999999999e-07 
8 4.9999999999999998e-07 2.9999999999999999e-07 4.9999999999999998e-07 1.1000000000000001e-06 3.9999999999999998e-07 2.9999999999999999e-07 1.9999999999999999e-07 
16 1.3e-06 3.9999999999999998e-07 8.9999999999999996e-07 2.0999999999999998e-06 7.9999999999999996e-07 3.9999999999999998e-07 3.9999999999999998e-07 
32 3.9999999999999998e-06 7.9999999999999996e-07 2.3e-06 4.0999999999999997e-06 1.5999999999999999e-06 1.5999999999999999e-06 8.9999999999999996e-07 
64 1.6500000000000001e-05 2.3e-06 6.1999999999999999e-06 7.3000000000000004e-06 3.3000000000000002e-06 3.1e-06 2.5000000000000002e-06 
128 6.3999999999999997e-05 6.9e-06 1.88e-05 1.52e-05 7.6000000000000001e-06 6.8000000000000001e-06 5.5999999999999997e-06 
256 0.00022829999999999999 2.1999999999999999e-05 5.77e-05 3.3300000000000003e-05 1.7200000000000001e-05 1.49e-05 1.31e-05 
512 0.00086350000000000001 7.4800000000000002e-05 0.00021130000000000001 6.3999999999999997e-05 3.4900000000000001e-05 3.26e-05 2.8099999999999999e-05 
1024 0.0031989000000000002 0.00027379999999999999 0.00071599999999999995 0.0001281 7.5300000000000001e-05 6.86e-05 6.3499999999999999e-05 
2048 0.013544001 0.0012199000000000001 0.0029795999999999998 0.00028570000000000001 0.0001819 0.0001618 0.000175 
4096 0.055941101 0.0042060999999999999 0.010004900000000001 0.00052510000000000002 0.00033609999999999998 0.00030029999999999998 0.00029369999999999998 
8192 0.18432420399999999 0.013408700000000001 0.031920300999999998 0.0014071999999999999 0.00066350000000000003 0.00056499999999999996 0.00058810000000000004 
