60 8.1999999999999994e-06 1.1999999999999999e-06 3.1e-06 5.5999999999999997e-06 1.7999999999999999e-06 1.7e-06 1.1999999999999999e-06 
63 9.5000000000000005e-06 1.1999999999999999e-06 3.1999999999999999e-06 4.0999999999999997e-06 1.7999999999999999e-06 1.5999999999999999e-06 1.3e-06 
66 9.0000000000000002e-06 1.3e-06 3.4000000000000001e-06 3.9999999999999998e-06 1.7e-06 1.7999999999999999e-06 1.5e-06 
69 1.0000000000000001e-05 1.3e-06 3.5999999999999998e-06 4.3000000000000003e-06 1.9999999999999999e-06 1.9e-06 1.5e-06 
72 1.11e-05 1.3e-06 3.9999999999999998e-06 4.5000000000000001e-06 1.9e-06 1.9999999999999999e-06 1.5e-06 
75 1.1399999999999999e-05 1.3999999999999999e-06 4.0999999999999997e-06 4.7999999999999998e-06 2.3e-06 1.9e-06 1.5999999999999999e-06 
78 1.2300000000000001e-05 1.5999999999999999e-06 4.5000000000000001e-06 4.6e-06 2.2000000000000001e-06 2.2000000000000001e-06 1.7e-06 
81 1.3699999999999999e-05 1.7e-06 4.6e-06 4.8999999999999997e-06 2.3e-06 1.9999999999999999e-06 1.7999999999999999e-06 
84 1.56e-05 1.9999999999999999e-06 5.0000000000000004e-06 5.1000000000000003e-06 2.5000000000000002e-06 2.2000000000000001e-06 2.0999999999999998e-06 
87 1.6799999999999998e-05 1.9999999999999999e-06 5.4999999999999999e-06 5.1000000000000003e-06 2.7e-06 2.3e-06 2.2000000000000001e-06 
90 1.6500000000000001e-05 1.9999999999999999e-06 5.6999999999999996e-06 5.5999999999999997e-06 2.7e-06 2.2000000000000001e-06 2.0999999999999998e-06 
93 1.6900000000000001e-05 1.9999999999999999e-06 5.6999999999999996e-06 5.4999999999999999e-06 3.0000000000000001e-06 2.7999999999999999e-06 2.2000000000000001e-06 
96 1.8499999999999999e-05 2.3e-06 6.6000000000000003e-06 5.4e-06 3.0000000000000001e-06 2.7e-06 2.5000000000000002e-06 
99 1.9899999999999999e-05 2.3999999999999999e-06 6.7000000000000002e-06 7.6000000000000001e-06 2.9000000000000002e-06 3.1999999999999999e-06 2.6000000000000001e-06 
102 2.1800000000000001e-05 2.5000000000000002e-06 7.0999999999999998e-06 6.3999999999999997e-06 3.4000000000000001e-06 2.9000000000000002e-06 2.3e-06 
105 2.3099999999999999e-05 2.9000000000000002e-06 7.3000000000000004e-06 8.1000000000000004e-06 3.3000000000000002e-06 3.1999999999999999e-06 2.6000000000000001e-06 
108 2.4600000000000002e-05 2.9000000000000002e-06 7.7000000000000008e-06 8.1000000000000004e-06 3.1999999999999999e-06 3.0000000000000001e-06 2.7e-06 
111 2.3600000000000001e-05 2.7999999999999999e-06 7.9999999999999996e-06 8.4999999999999999e-06 3.8999999999999999e-06 3.4999999999999999e-06 2.7e-06 
114 2.4499999999999999e-05 2.9000000000000002e-06 7.9999999999999996e-06 8.4999999999999999e-06 3.8999999999999999e-06 3.4999999999999999e-06 2.7999999999999999e-06 
117 2.9e-05 3.3000000000000002e-06 8.8999999999999995e-06 6.9e-06 3.8e-06 3.1999999999999999e-06 2.7999999999999999e-06 
120 2.76e-05 2.9000000000000002e-06 8.8000000000000004e-06 9.0999999999999993e-06 3.8999999999999999e-06 3.8e-06 2.9000000000000002e-06 
123 3.1300000000000002e-05 3.4000000000000001e-06 9.2e-06 9.0000000000000002e-06 1.49e-05 3.8e-06 2.9000000000000002e-06 
126 3.18e-05 3.4999999999999999e-06 9.5999999999999996e-06 9.0999999999999993e-06 4.0999999999999997e-06 3.7000000000000002e-06 3.1e-06 
129 3.4999999999999997e-05 3.7000000000000002e-06 1.0000000000000001e-05 9.5000000000000005e-06 4.3000000000000003e-06 3.7000000000000002e-06 2.9000000000000002e-06 
132 3.4900000000000001e-05 3.8e-06 1.0699999999999999e-05 1.0000000000000001e-05 4.6e-06 4.1999999999999996e-06 3.4999999999999999e-06 
135 3.6699999999999998e-05 3.8999999999999999e-06 1.04e-05 1.0000000000000001e-05 4.3000000000000003e-06 4.0999999999999997e-06 3.7000000000000002e-06 
138 3.9799999999999998e-05 4.1999999999999996e-06 1.13e-05 1.03e-05 4.3000000000000003e-06 4.3000000000000003e-06 3.5999999999999998e-06 
141 3.8600000000000003e-05 4.0999999999999997e-06 1.1800000000000001e-05 1.0699999999999999e-05 4.6999999999999999e-06 4.3000000000000003e-06 3.1999999999999999e-06 
144 4.3600000000000003e-05 4.5000000000000001e-06 1.24e-05 1.0499999999999999e-05 4.7999999999999998e-06 4.6e-06 3.7000000000000002e-06 
147 4.3099999999999997e-05 4.6999999999999999e-06 1.33e-05 1.0900000000000001e-05 5.1000000000000003e-06 1.56e-05 3.9999999999999998e-06 
150 4.1499999999999999e-05 4.4000000000000002e-06 1.2799999999999999e-05 9.9000000000000001e-06 5.1000000000000003e-06 4.3000000000000003e-06 4.1999999999999996e-06 
153 4.9599999999999999e-05 5.1000000000000003e-06 1.38e-05 1.1399999999999999e-05 5.1000000000000003e-06 4.6e-06 3.8e-06 
156 4.6499999999999999e-05 5.2000000000000002e-06 1.42e-05 1.11e-05 5.5999999999999997e-06 4.6999999999999999e-06 3.8e-06 
159 4.8999999999999998e-05 5.1000000000000003e-06 1.43e-05 1.1600000000000001e-05 5.4999999999999999e-06 5.0000000000000004e-06 4.4000000000000002e-06 
162 5.02e-05 5.4e-06 1.4399999999999999e-05 1.17e-05 5.3000000000000001e-06 5.0000000000000004e-06 3.8e-06 
165 5.1100000000000002e-05 5.4999999999999999e-06 1.5099999999999999e-05 1.2e-05 5.5999999999999997e-06 5.3000000000000001e-06 4.3000000000000003e-06 
168 5.4200000000000003e-05 5.4e-06 1.56e-05 1.2300000000000001e-05 5.9000000000000003e-06 5.4999999999999999e-06 4.6e-06 
171 5.38e-05 5.5999999999999997e-06 1.5999999999999999e-05 1.22e-05 6.0000000000000002e-06 5.2000000000000002e-06 4.4000000000000002e-06 
174 5.9500000000000003e-05 5.9000000000000003e-06 1.6900000000000001e-05 1.2999999999999999e-05 6.0000000000000002e-06 5.3000000000000001e-06 4.7999999999999998e-06 
177 6.1500000000000004e-05 6.2999999999999998e-06 1.7e-05 1.3200000000000001e-05 5.8000000000000004e-06 5.1000000000000003e-06 4.7999999999999998e-06 
180 6.4800000000000003e-05 6.4999999999999996e-06 1.7900000000000001e-05 1.2999999999999999e-05 6.1999999999999999e-06 5.8000000000000004e-06 4.6e-06 
183 6.6099999999999994e-05 6.4999999999999996e-06 1.8300000000000001e-05 1.31e-05 6.3999999999999997e-06 5.8000000000000004e-06 4.8999999999999997e-06 
186 6.9999999999999994e-05 7.0999999999999998e-06 1.91e-05 1.33e-05 6.4999999999999996e-06 5.9000000000000003e-06 5.3000000000000001e-06 
189 6.8100000000000002e-05 7.3000000000000004e-06 1.9000000000000001e-05 1.34e-05 6.6000000000000003e-06 5.9000000000000003e-06 5.4999999999999999e-06 
192 7.4200000000000001e-05 7.4000000000000003e-06 2.02e-05 1.36e-05 6.7000000000000002e-06 6.1999999999999999e-06 5.0000000000000004e-06 
195 7.2100000000000004e-05 7.3000000000000004e-06 2.0100000000000001e-05 1.4e-05 6.6000000000000003e-06 6.3999999999999997e-06 5.2000000000000002e-06 
198 8.6799999999999996e-05 7.4000000000000003e-06 2.19e-05 1.5299999999999999e-05 7.1999999999999997e-06 6.6000000000000003e-06 5.4999999999999999e-06 
