2 0 9.9999999999999995e-08 0 3.9999999999999998e-07 9.9999999999999995e-08 9.9999999999999995e-08 9.9999999999999995e-08 
4 9.9999999999999995e-08 9.9999999999999995e-08 1.9999999999999999e-07 5.9999999999999997e-07 9.9999999999999995e-08 9.9999999999999995e-08 9.9999999999999995e-08 
8 2.9999999999999999e-07 9.9999999999999995e-08 1.9999999999999999e-07 6.9999999999999997e-07 1.9999999999999999e-07 1.9999999999999999e-07 1.9999999999999999e-07 
16 8.9999999999999996e-07 2.9999999999999999e-07 5.9999999999999997e-07 1.3999999999999999e-06 4.9999999999999998e-07 2.9999999999999999e-07 2.9999999999999999e-07 
32 3.1e-06 6.9999999999999997e-07 1.5e-06 2.6000000000000001e-06 9.9999999999999995e-07 9.9999999999999995e-07 5.9999999999999997e-07 
64 1.03e-05 1.5e-06 4.3000000000000003e-06 4.8999999999999997e-06 2.2000000000000001e-06 2.2000000000000001e-06 1.5e-06 
128 3.8099999999999998e-05 4.3000000000000003e-06 1.2099999999999999e-05 1.06e-05 5.4999999999999999e-06 4.6e-06 4.0999999999999997e-06 
256 0.00015660000000000001 1.5500000000000001e-05 3.96e-05 2.19e-05 1.1199999999999999e-05 1.04e-05 9.3000000000000007e-06 
512 0.00058549999999999997 5.1199999999999998e-05 0.00013799999999999999 4.5099999999999998e-05 2.48e-05 2.27e-05 2.0000000000000002e-05 
1024 0.0022757010000000002 0.00018799999999999999 0.00046910000000000002 8.6500000000000002e-05 5.0300000000000003e-05 5.6700000000000003e-05 4.3699999999999998e-05 
2048 0.0087197000000000004 0.0007293 0.0018029000000000001 0.0001839 0.00011340000000000001 0.0001049 9.7700000000000003e-05 
4096 0.036122103000000003 0.0028083000000000001 0.0070157010000000001 0.00040250000000000003 0.0002453 0.0002262 0.0002208 
8192 0.18215261299999999 0.013553501000000001 0.030364401999999999 0.00091660000000000005 0.00054799999999999998 0.00052340000000000004 0.0004816 
