60 6.4999999999999996e-06 8.9999999999999996e-07 2.6000000000000001e-06 4.4000000000000002e-06 1.3999999999999999e-06 1.3999999999999999e-06 9.9999999999999995e-07 
63 7.6000000000000001e-06 9.9999999999999995e-07 2.7e-06 4.6e-06 1.7e-06 1.5e-06 1.1999999999999999e-06 
66 8.4999999999999999e-06 1.1000000000000001e-06 2.9000000000000002e-06 3.4000000000000001e-06 1.5e-06 1.3999999999999999e-06 1.1999999999999999e-06 
69 8.8999999999999995e-06 1.1000000000000001e-06 3.1999999999999999e-06 3.4999999999999999e-06 1.5999999999999999e-06 1.5999999999999999e-06 1.1999999999999999e-06 
72 1.04e-05 1.3e-06 3.4999999999999999e-06 3.5999999999999998e-06 1.7999999999999999e-06 1.5999999999999999e-06 1.3e-06 
75 1.0699999999999999e-05 1.3999999999999999e-06 3.5999999999999998e-06 3.8999999999999999e-06 1.7999999999999999e-06 1.7999999999999999e-06 1.5e-06 
78 1.08e-05 1.3e-06 3.9999999999999998e-06 3.9999999999999998e-06 1.9e-06 1.7999999999999999e-06 1.3999999999999999e-06 
81 1.1399999999999999e-05 1.5e-06 4.0999999999999997e-06 4.0999999999999997e-06 2.2000000000000001e-06 1.7999999999999999e-06 1.5e-06 
84 1.17e-05 1.5e-06 4.3000000000000003e-06 4.4000000000000002e-06 2.2000000000000001e-06 1.9e-06 1.5999999999999999e-06 
87 1.4e-05 1.5999999999999999e-06 4.4000000000000002e-06 4.4000000000000002e-06 2.3e-06 1.9e-06 1.7999999999999999e-06 
90 1.5e-05 1.7999999999999999e-06 4.7999999999999998e-06 5.9000000000000003e-06 2.5000000000000002e-06 2.2000000000000001e-06 2.0999999999999998e-06 
93 1.4800000000000001e-05 1.7999999999999999e-06 5.0000000000000004e-06 5.8000000000000004e-06 2.3999999999999999e-06 2.2000000000000001e-06 1.9e-06 
96 1.63e-05 1.9e-06 5.4e-06 4.7999999999999998e-06 2.5000000000000002e-06 2.3999999999999999e-06 2.2000000000000001e-06 
99 1.6699999999999999e-05 2.0999999999999998e-06 5.6999999999999996e-06 6.3999999999999997e-06 2.5000000000000002e-06 2.5000000000000002e-06 2.3e-06 
102 1.8600000000000001e-05 2.0999999999999998e-06 5.8000000000000004e-06 6.9e-06 2.7999999999999999e-06 2.7999999999999999e-06 2.3e-06 
105 1.9599999999999999e-05 2.3e-06 6.4999999999999996e-06 6.9999999999999999e-06 2.7999999999999999e-06 2.7e-06 2.3e-06 
108 2.02e-05 2.3999999999999999e-06 6.6000000000000003e-06 6.8000000000000001e-06 2.9000000000000002e-06 2.7999999999999999e-06 2.3999999999999999e-06 
111 2.12e-05 2.5000000000000002e-06 6.6000000000000003e-06 7.0999999999999998e-06 3.1e-06 3.1e-06 2.3e-06 
114 2.1399999999999998e-05 2.3999999999999999e-06 6.8000000000000001e-06 7.0999999999999998e-06 3.1e-06 2.9000000000000002e-06 2.5000000000000002e-06 
117 2.3300000000000001e-05 2.7e-06 7.5000000000000002e-06 7.4000000000000003e-06 3.1999999999999999e-06 3.0000000000000001e-06 2.3999999999999999e-06 
120 2.4000000000000001e-05 2.7999999999999999e-06 8.1000000000000004e-06 7.4000000000000003e-06 3.3000000000000002e-06 3.1999999999999999e-06 2.6000000000000001e-06 
123 2.7100000000000001e-05 3.0000000000000001e-06 7.7999999999999999e-06 7.7000000000000008e-06 3.5999999999999998e-06 3.1e-06 2.7999999999999999e-06 
126 2.5899999999999999e-05 2.7999999999999999e-06 8.1999999999999994e-06 7.6000000000000001e-06 3.5999999999999998e-06 3.3000000000000002e-06 2.7e-06 
129 2.9600000000000001e-05 3.1999999999999999e-06 8.8999999999999995e-06 7.9000000000000006e-06 3.5999999999999998e-06 3.4999999999999999e-06 3.0000000000000001e-06 
132 2.97e-05 3.3000000000000002e-06 9.0000000000000002e-06 8.3000000000000002e-06 3.5999999999999998e-06 3.4000000000000001e-06 2.9000000000000002e-06 
135 3.15e-05 3.3000000000000002e-06 9.5000000000000005e-06 8.6999999999999997e-06 3.7000000000000002e-06 3.7000000000000002e-06 3.1e-06 
138 3.1699999999999998e-05 3.5999999999999998e-06 1.0000000000000001e-05 8.6999999999999997e-06 3.8e-06 3.8e-06 3.4000000000000001e-06 
141 3.43e-05 3.7000000000000002e-06 1.0200000000000001e-05 9.0999999999999993e-06 4.0999999999999997e-06 3.7000000000000002e-06 3.1e-06 
144 3.4900000000000001e-05 3.8999999999999999e-06 1.06e-05 9.2e-06 3.8999999999999999e-06 3.8999999999999999e-06 3.1999999999999999e-06 
147 3.8899999999999997e-05 1.33e-05 1.08e-05 9.9000000000000001e-06 4.3000000000000003e-06 3.9999999999999998e-06 3.1e-06 
150 4.0299999999999997e-05 4.3000000000000003e-06 1.1e-05 9.5000000000000005e-06 4.1999999999999996e-06 4.1999999999999996e-06 3.4000000000000001e-06 
153 3.8600000000000003e-05 4.0999999999999997e-06 1.1399999999999999e-05 9.5000000000000005e-06 4.3000000000000003e-06 4.1999999999999996e-06 3.1e-06 
156 3.8800000000000001e-05 3.9999999999999998e-06 1.1800000000000001e-05 9.5999999999999996e-06 4.0999999999999997e-06 4.4000000000000002e-06 3.3000000000000002e-06 
159 4.1300000000000001e-05 4.3000000000000003e-06 1.22e-05 9.2e-06 4.5000000000000001e-06 4.4000000000000002e-06 3.4999999999999999e-06 
162 4.4299999999999999e-05 4.5000000000000001e-06 1.2300000000000001e-05 1.0000000000000001e-05 4.6e-06 4.5000000000000001e-06 3.5999999999999998e-06 
165 4.2299999999999998e-05 4.3000000000000003e-06 1.31e-05 1.0200000000000001e-05 4.8999999999999997e-06 4.5000000000000001e-06 3.8e-06 
168 4.4799999999999998e-05 4.6999999999999999e-06 1.3200000000000001e-05 1.03e-05 4.6999999999999999e-06 4.5000000000000001e-06 3.7000000000000002e-06 
171 4.8699999999999998e-05 5.1000000000000003e-06 1.3900000000000001e-05 1.08e-05 5.0000000000000004e-06 4.6999999999999999e-06 3.8999999999999999e-06 
174 5.0899999999999997e-05 5.2000000000000002e-06 1.4600000000000001e-05 1.1e-05 5.1000000000000003e-06 4.7999999999999998e-06 4.1999999999999996e-06 
177 5.1100000000000002e-05 5.1000000000000003e-06 1.43e-05 1.11e-05 5.2000000000000002e-06 4.7999999999999998e-06 3.8999999999999999e-06 
180 5.41e-05 5.5999999999999997e-06 1.52e-05 1.06e-05 5.2000000000000002e-06 4.5000000000000001e-06 3.9999999999999998e-06 
183 5.5999999999999999e-05 5.6999999999999996e-06 1.52e-05 1.13e-05 5.2000000000000002e-06 4.6999999999999999e-06 4.1999999999999996e-06 
186 5.8199999999999998e-05 6.0000000000000002e-06 1.6399999999999999e-05 1.17e-05 5.4e-06 5.0000000000000004e-06 4.4000000000000002e-06 
189 5.8799999999999999e-05 6.1e-06 1.6200000000000001e-05 1.11e-05 5.8000000000000004e-06 5.3000000000000001e-06 4.4000000000000002e-06 
192 5.94e-05 6.1999999999999999e-06 1.6500000000000001e-05 1.1600000000000001e-05 5.6999999999999996e-06 5.1000000000000003e-06 4.1999999999999996e-06 
195 6.02e-05 6.1e-06 1.7e-05 1.2e-05 5.4999999999999999e-06 5.1000000000000003e-06 4.6e-06 
198 6.9999999999999994e-05 6.1e-06 1.7e-05 1.27e-05 5.9000000000000003e-06 5.4999999999999999e-06 4.5000000000000001e-06 
