60 6.9999999999999999e-06 1.1000000000000001e-06 2.9000000000000002e-06 5.8000000000000004e-06 1.9e-06 1.5999999999999999e-06 1.3e-06 
63 8.1999999999999994e-06 1.1999999999999999e-06 3.1999999999999999e-06 4.4000000000000002e-06 1.7e-06 1.3999999999999999e-06 1.1999999999999999e-06 
66 8.1999999999999994e-06 1.1000000000000001e-06 3.0000000000000001e-06 3.7000000000000002e-06 1.7e-06 1.5999999999999999e-06 1.1000000000000001e-06 
69 9.3000000000000007e-06 1.3e-06 3.4000000000000001e-06 3.8e-06 1.7999999999999999e-06 1.5999999999999999e-06 1.3e-06 
72 9.5000000000000005e-06 1.2999999999999999e-05 3.4999999999999999e-06 5.1000000000000003e-06 2.0999999999999998e-06 1.7e-06 1.3999999999999999e-06 
75 1.1199999999999999e-05 1.5e-06 3.8e-06 4.4000000000000002e-06 2.0999999999999998e-06 1.9999999999999999e-06 1.5999999999999999e-06 
78 1.1600000000000001e-05 1.3999999999999999e-06 3.9999999999999998e-06 4.1999999999999996e-06 2.0999999999999998e-06 1.7999999999999999e-06 1.5999999999999999e-06 
81 1.2500000000000001e-05 1.5999999999999999e-06 4.1999999999999996e-06 4.4000000000000002e-06 2.0999999999999998e-06 1.9999999999999999e-06 1.7e-06 
84 1.31e-05 1.7e-06 4.8999999999999997e-06 4.6999999999999999e-06 2.2000000000000001e-06 1.9e-06 1.7e-06 
87 1.43e-05 1.7e-06 4.8999999999999997e-06 4.6e-06 2.3999999999999999e-06 2.3e-06 1.9e-06 
90 1.49e-05 1.7999999999999999e-06 5.3000000000000001e-06 4.6999999999999999e-06 2.5000000000000002e-06 2.3999999999999999e-06 1.9e-06 
93 1.5099999999999999e-05 1.9e-06 5.4e-06 6.4999999999999996e-06 2.5000000000000002e-06 2.5000000000000002e-06 1.9999999999999999e-06 
96 1.63e-05 1.9e-06 5.6999999999999996e-06 5.1000000000000003e-06 2.7e-06 2.3999999999999999e-06 1.9999999999999999e-06 
99 1.6900000000000001e-05 2.0999999999999998e-06 5.6999999999999996e-06 5.2000000000000002e-06 2.7999999999999999e-06 2.6000000000000001e-06 2.2000000000000001e-06 
102 1.91e-05 2.2000000000000001e-06 6.3999999999999997e-06 6.9e-06 3.1e-06 2.7999999999999999e-06 2.0999999999999998e-06 
105 2.09e-05 2.3e-06 6.8000000000000001e-06 6.9999999999999999e-06 3.0000000000000001e-06 2.9000000000000002e-06 2.3999999999999999e-06 
108 2.1100000000000001e-05 2.3999999999999999e-06 6.8000000000000001e-06 7.3000000000000004e-06 3.0000000000000001e-06 2.9000000000000002e-06 2.3e-06 
111 2.1299999999999999e-05 2.3e-06 6.9e-06 7.1999999999999997e-06 3.1e-06 3.0000000000000001e-06 2.3999999999999999e-06 
114 2.19e-05 2.3999999999999999e-06 7.3000000000000004e-06 7.1999999999999997e-06 3.1e-06 2.9000000000000002e-06 2.6000000000000001e-06 
117 2.4300000000000001e-05 2.7999999999999999e-06 7.7000000000000008e-06 7.5000000000000002e-06 3.4000000000000001e-06 3.1e-06 2.6000000000000001e-06 
120 2.5999999999999998e-05 3.0000000000000001e-06 8.1000000000000004e-06 7.7999999999999999e-06 3.3000000000000002e-06 3.3000000000000002e-06 2.5000000000000002e-06 
123 2.8799999999999999e-05 3.0000000000000001e-06 8.3999999999999992e-06 7.6000000000000001e-06 3.4000000000000001e-06 3.1999999999999999e-06 2.6000000000000001e-06 
126 4.99e-05 3.1e-06 8.4999999999999999e-06 8.3999999999999992e-06 3.5999999999999998e-06 3.1999999999999999e-06 2.7e-06 
129 2.8099999999999999e-05 3.1999999999999999e-06 8.6999999999999997e-06 7.9999999999999996e-06 3.7000000000000002e-06 3.3000000000000002e-06 2.7e-06 
132 3.2199999999999997e-05 3.4000000000000001e-06 9.0000000000000002e-06 8.8000000000000004e-06 3.8e-06 3.4999999999999999e-06 3.1e-06 
135 3.0499999999999999e-05 3.1999999999999999e-06 9.3000000000000007e-06 8.4999999999999999e-06 3.8999999999999999e-06 3.5999999999999998e-06 3.1e-06 
138 3.4499999999999998e-05 3.5999999999999998e-06 1.0000000000000001e-05 9.0000000000000002e-06 3.8999999999999999e-06 3.5999999999999998e-06 3.0000000000000001e-06 
141 3.3699999999999999e-05 3.5999999999999998e-06 1.0000000000000001e-05 9.0000000000000002e-06 4.4000000000000002e-06 3.5999999999999998e-06 3.1999999999999999e-06 
144 3.6699999999999998e-05 3.9999999999999998e-06 1.06e-05 9.2e-06 3.9999999999999998e-06 3.8e-06 3.1999999999999999e-06 
147 3.8099999999999998e-05 4.0999999999999997e-06 1.1600000000000001e-05 9.3999999999999998e-06 4.1999999999999996e-06 3.8999999999999999e-06 3.3000000000000002e-06 
150 3.79e-05 3.9999999999999998e-06 1.1600000000000001e-05 9.5999999999999996e-06 4.4000000000000002e-06 4.0999999999999997e-06 3.5999999999999998e-06 
153 3.82e-05 4.1999999999999996e-06 1.1600000000000001e-05 9.9000000000000001e-06 4.3000000000000003e-06 4.3000000000000003e-06 3.3000000000000002e-06 
156 5.0099999999999998e-05 4.0999999999999997e-06 1.22e-05 9.9000000000000001e-06 4.5000000000000001e-06 4.0999999999999997e-06 3.7000000000000002e-06 
159 4.3800000000000001e-05 4.6e-06 1.2999999999999999e-05 1.01e-05 4.4000000000000002e-06 4.1999999999999996e-06 3.4000000000000001e-06 
162 4.7299999999999998e-05 4.7999999999999998e-06 1.2799999999999999e-05 1.0200000000000001e-05 5.0000000000000004e-06 4.1999999999999996e-06 3.8e-06 
165 4.4400000000000002e-05 4.6999999999999999e-06 1.3200000000000001e-05 1.0900000000000001e-05 4.6e-06 4.5000000000000001e-06 3.7000000000000002e-06 
168 5.0899999999999997e-05 5.2000000000000002e-06 1.3499999999999999e-05 1.0699999999999999e-05 4.7999999999999998e-06 4.3000000000000003e-06 3.5999999999999998e-06 
171 4.8399999999999997e-05 5.1000000000000003e-06 1.4e-05 1.13e-05 5.0000000000000004e-06 4.6e-06 4.3000000000000003e-06 
174 5.2200000000000002e-05 5.4e-06 1.45e-05 1.1399999999999999e-05 5.2000000000000002e-06 5.0000000000000004e-06 4.3000000000000003e-06 
177 5.2800000000000003e-05 5.4e-06 1.52e-05 1.13e-05 5.4e-06 4.7999999999999998e-06 3.8999999999999999e-06 
180 5.7000000000000003e-05 5.8000000000000004e-06 1.5299999999999999e-05 1.2e-05 5.5999999999999997e-06 5.0000000000000004e-06 4.5000000000000001e-06 
183 5.5999999999999999e-05 5.5999999999999997e-06 1.63e-05 1.17e-05 5.4999999999999999e-06 5.1000000000000003e-06 4.5000000000000001e-06 
186 5.9799999999999997e-05 6.1999999999999999e-06 1.6500000000000001e-05 1.2e-05 5.4999999999999999e-06 5.3000000000000001e-06 4.1999999999999996e-06 
189 6.5900000000000003e-05 6.6000000000000003e-06 1.7399999999999999e-05 1.22e-05 5.8000000000000004e-06 5.0000000000000004e-06 4.8999999999999997e-06 
192 6.0900000000000003e-05 6.1999999999999999e-06 1.7600000000000001e-05 1.19e-05 5.8000000000000004e-06 5.2000000000000002e-06 4.5000000000000001e-06 
195 6.6799999999999997e-05 8.3000000000000002e-06 2.2099999999999998e-05 1.5999999999999999e-05 6.6000000000000003e-06 6.1999999999999999e-06 5.5999999999999997e-06 
198 7.4999999999999993e-05 1.63e-05 2.7800000000000001e-05 2.0599999999999999e-05 7.3000000000000004e-06 6.4999999999999996e-06 6.1999999999999999e-06 
