60 6.9999999999999999e-06 8.9999999999999996e-07 2.7e-06 4.5000000000000001e-06 1.3999999999999999e-06 1.5999999999999999e-06 1.1000000000000001e-06 
63 7.6000000000000001e-06 1.1000000000000001e-06 2.9000000000000002e-06 4.6e-06 1.7999999999999999e-06 1.3999999999999999e-06 1.1000000000000001e-06 
66 7.7999999999999999e-06 1.1000000000000001e-06 2.9000000000000002e-06 3.7000000000000002e-06 1.5999999999999999e-06 1.3999999999999999e-06 1.1000000000000001e-06 
69 8.6000000000000007e-06 1.1000000000000001e-06 3.1e-06 3.8e-06 1.9e-06 1.5999999999999999e-06 1.1999999999999999e-06 
72 9.5000000000000005e-06 1.3e-06 3.4000000000000001e-06 3.8e-06 1.9e-06 1.5999999999999999e-06 1.3e-06 
75 1.04e-05 1.3e-06 3.5999999999999998e-06 3.9999999999999998e-06 1.7999999999999999e-06 1.7e-06 1.3999999999999999e-06 
78 1.0900000000000001e-05 1.3999999999999999e-06 3.8999999999999999e-06 3.9999999999999998e-06 2.0999999999999998e-06 1.7999999999999999e-06 1.5e-06 
81 1.2e-05 1.5e-06 4.3000000000000003e-06 4.1999999999999996e-06 2.2000000000000001e-06 1.9999999999999999e-06 1.5999999999999999e-06 
84 1.24e-05 1.5999999999999999e-06 4.5000000000000001e-06 4.4000000000000002e-06 2.3999999999999999e-06 1.9e-06 1.7999999999999999e-06 
87 1.4600000000000001e-05 1.7e-06 4.7999999999999998e-06 4.6e-06 2.3e-06 1.9e-06 1.9e-06 
90 1.47e-05 1.7999999999999999e-06 4.7999999999999998e-06 4.6e-06 2.5000000000000002e-06 2.2000000000000001e-06 1.9999999999999999e-06 
93 1.6699999999999999e-05 1.9999999999999999e-06 5.4e-06 4.7999999999999998e-06 2.3999999999999999e-06 2.3e-06 2.2000000000000001e-06 
96 1.56e-05 1.7999999999999999e-06 5.1000000000000003e-06 6.1e-06 2.6000000000000001e-06 2.7e-06 1.9999999999999999e-06 
99 1.8e-05 2.2000000000000001e-06 5.8000000000000004e-06 6.4999999999999996e-06 2.7999999999999999e-06 2.6000000000000001e-06 2.3e-06 
102 1.88e-05 2.0999999999999998e-06 5.9000000000000003e-06 6.8000000000000001e-06 2.7999999999999999e-06 2.7e-06 2.0999999999999998e-06 
105 1.9300000000000002e-05 2.3e-06 6.1999999999999999e-06 6.9e-06 2.6000000000000001e-06 2.7e-06 2.3999999999999999e-06 
108 2.05e-05 2.3e-06 6.7000000000000002e-06 7.0999999999999998e-06 2.7999999999999999e-06 2.7999999999999999e-06 2.2000000000000001e-06 
111 1.9700000000000001e-05 2.3999999999999999e-06 6.8000000000000001e-06 7.1999999999999997e-06 3.1999999999999999e-06 3.0000000000000001e-06 2.3e-06 
114 2.19e-05 2.3999999999999999e-06 7.4000000000000003e-06 6.9999999999999999e-06 2.9000000000000002e-06 3.0000000000000001e-06 2.3999999999999999e-06 
117 2.5299999999999998e-05 2.7999999999999999e-06 2.9600000000000001e-05 7.6000000000000001e-06 3.4000000000000001e-06 3.1e-06 2.6000000000000001e-06 
120 2.62e-05 2.7999999999999999e-06 7.9999999999999996e-06 7.7999999999999999e-06 3.3000000000000002e-06 3.0000000000000001e-06 2.7e-06 
123 2.7500000000000001e-05 3.1999999999999999e-06 8.3000000000000002e-06 7.7999999999999999e-06 3.4999999999999999e-06 3.3000000000000002e-06 2.7e-06 
126 2.7500000000000001e-05 3.0000000000000001e-06 8.4999999999999999e-06 2.3900000000000002e-05 3.7000000000000002e-06 3.4000000000000001e-06 2.7e-06 
129 2.6999999999999999e-05 2.9000000000000002e-06 8.6000000000000007e-06 7.9000000000000006e-06 3.5999999999999998e-06 3.4000000000000001e-06 2.7999999999999999e-06 
132 3.0599999999999998e-05 3.3000000000000002e-06 9.2e-06 8.6999999999999997e-06 3.5999999999999998e-06 3.1e-06 2.7999999999999999e-06 
135 3.01e-05 3.4999999999999999e-06 9.5000000000000005e-06 8.4999999999999999e-06 3.5999999999999998e-06 3.4999999999999999e-06 3.1999999999999999e-06 
138 3.0499999999999999e-05 3.4999999999999999e-06 1.0200000000000001e-05 8.8000000000000004e-06 3.8e-06 3.5999999999999998e-06 3.0000000000000001e-06 
141 3.2499999999999997e-05 3.4999999999999999e-06 9.3999999999999998e-06 8.8999999999999995e-06 3.8999999999999999e-06 3.7000000000000002e-06 3.1e-06 
144 5.7599999999999997e-05 3.8999999999999999e-06 1.0499999999999999e-05 9.5000000000000005e-06 4.1999999999999996e-06 3.8e-06 3.4999999999999999e-06 
147 3.6999999999999998e-05 4.0999999999999997e-06 1.1199999999999999e-05 9.5000000000000005e-06 4.1999999999999996e-06 1.9700000000000001e-05 3.0000000000000001e-06 
150 4.8199999999999999e-05 3.9999999999999998e-06 1.1199999999999999e-05 1.03e-05 4.4000000000000002e-06 3.8999999999999999e-06 3.1e-06 
153 3.6699999999999998e-05 3.8999999999999999e-06 1.15e-05 9.5000000000000005e-06 4.3000000000000003e-06 3.9999999999999998e-06 3.4000000000000001e-06 
156 3.8000000000000002e-05 3.9999999999999998e-06 1.17e-05 9.9000000000000001e-06 4.5000000000000001e-06 4.3000000000000003e-06 3.4999999999999999e-06 
159 5.8100000000000003e-05 4.6999999999999999e-06 1.27e-05 1.03e-05 4.5000000000000001e-06 4.1999999999999996e-06 3.8e-06 
162 4.3600000000000003e-05 4.6e-06 1.27e-05 1.03e-05 4.6e-06 4.5000000000000001e-06 3.5999999999999998e-06 
165 4.46e-05 4.7999999999999998e-06 1.34e-05 1.0499999999999999e-05 4.6999999999999999e-06 4.4000000000000002e-06 3.8e-06 
168 4.7599999999999998e-05 4.8999999999999997e-06 1.4100000000000001e-05 1.0499999999999999e-05 4.8999999999999997e-06 4.6e-06 3.8999999999999999e-06 
171 4.9700000000000002e-05 5.1000000000000003e-06 1.4e-05 1.1399999999999999e-05 4.8999999999999997e-06 4.6999999999999999e-06 3.8e-06 
174 5.3100000000000003e-05 5.4e-06 1.52e-05 1.1199999999999999e-05 5.2000000000000002e-06 4.7999999999999998e-06 4.1999999999999996e-06 
177 5.3600000000000002e-05 5.4e-06 1.52e-05 1.15e-05 4.8999999999999997e-06 4.6999999999999999e-06 4.0999999999999997e-06 
180 5.2500000000000002e-05 5.4999999999999999e-06 1.5400000000000002e-05 1.17e-05 5.2000000000000002e-06 4.8999999999999997e-06 4.1999999999999996e-06 
183 0.0001049 6.1e-06 1.6399999999999999e-05 2.7900000000000001e-05 5.4999999999999999e-06 5.0000000000000004e-06 4.6999999999999999e-06 
186 5.77e-05 3.5899999999999998e-05 1.6699999999999999e-05 1.22e-05 5.8000000000000004e-06 5.3000000000000001e-06 4.7999999999999998e-06 
189 8.5400000000000002e-05 5.9000000000000003e-06 3.2299999999999999e-05 1.19e-05 5.5999999999999997e-06 4.7999999999999998e-06 4.3000000000000003e-06 
192 6.0300000000000002e-05 6.3999999999999997e-06 1.6900000000000001e-05 1.2e-05 5.4999999999999999e-06 5.3000000000000001e-06 4.3000000000000003e-06 
195 6.4700000000000001e-05 6.4999999999999996e-06 2.73e-05 1.2500000000000001e-05 5.8000000000000004e-06 5.4999999999999999e-06 4.8999999999999997e-06 
198 5.9200000000000002e-05 6.0000000000000002e-06 1.7399999999999999e-05 1.22e-05 5.8000000000000004e-06 5.4e-06 4.5000000000000001e-06 
