2 9.9999999999999995e-08 9.9999999999999995e-08 9.9999999999999995e-08 3.9999999999999998e-07 9.9999999999999995e-08 9.9999999999999995e-08 9.9999999999999995e-08 
4 9.9999999999999995e-08 9.9999999999999995e-08 9.9999999999999995e-08 3.9999999999999998e-07 9.9999999999999995e-08 9.9999999999999995e-08 9.9999999999999995e-08 
8 2.9999999999999999e-07 9.9999999999999995e-08 2.9999999999999999e-07 7.9999999999999996e-07 2.9999999999999999e-07 1.9999999999999999e-07 1.9999999999999999e-07 
16 9.9999999999999995e-07 3.9999999999999998e-07 7.9999999999999996e-07 1.5999999999999999e-06 5.9999999999999997e-07 3.9999999999999998e-07 3.9999999999999998e-07 
32 3.1e-06 5.9999999999999997e-07 1.7e-06 2.7999999999999999e-06 9.9999999999999995e-07 1.1000000000000001e-06 5.9999999999999997e-07 
64 1.24e-05 1.7e-06 4.4000000000000002e-06 5.4e-06 2.3e-06 2.3e-06 1.7999999999999999e-06 
128 4.5599999999999997e-05 5.2000000000000002e-06 1.3200000000000001e-05 1.1199999999999999e-05 5.9000000000000003e-06 5.0000000000000004e-06 4.3000000000000003e-06 
256 0.0001572 1.49e-05 4.3300000000000002e-05 2.4000000000000001e-05 1.29e-05 1.13e-05 2.58e-05 
512 0.00062540000000000002 5.4700000000000001e-05 0.00014359999999999999 4.6100000000000002e-05 2.6299999999999999e-05 2.3499999999999999e-05 2.1100000000000001e-05 
1024 0.0023121999999999999 0.00020540000000000001 0.00053529999999999995 0.00013310000000000001 5.7099999999999999e-05 5.3100000000000003e-05 4.9799999999999998e-05 
2048 0.0093708009999999998 0.00082589999999999996 0.0020170000000000001 0.0001983 0.0001239 0.00011129999999999999 0.0001063 
4096 0.042663202999999997 0.0033279009999999999 0.0080482999999999996 0.00042759999999999999 0.00026679999999999998 0.00028699999999999998 0.00024059999999999999 
8192 0.18860421399999999 0.011747799999999999 0.030255303000000001 0.0010587999999999999 0.00053919999999999999 0.00055460000000000004 0.0004861 
