2 0 9.9999999999999995e-08 0 3.9999999999999998e-07 9.9999999999999995e-08 1.9999999999999999e-07 9.9999999999999995e-08 
4 9.9999999999999995e-08 9.9999999999999995e-08 9.9999999999999995e-08 3.9999999999999998e-07 9.9999999999999995e-08 9.9999999999999995e-08 9.9999999999999995e-08 
8 2.9999999999999999e-07 1.9999999999999999e-07 2.9999999999999999e-07 7.9999999999999996e-07 3.9999999999999998e-07 1.9999999999999999e-07 1.9999999999999999e-07 
16 8.9999999999999996e-07 2.9999999999999999e-07 5.9999999999999997e-07 1.3999999999999999e-06 3.9999999999999998e-07 2.9999999999999999e-07 2.9999999999999999e-07 
32 2.5000000000000002e-06 5.9999999999999997e-07 1.5999999999999999e-06 2.6000000000000001e-06 1.1000000000000001e-06 1.1999999999999999e-06 5.9999999999999997e-07 
64 1.11e-05 1.5e-06 4.0999999999999997e-06 4.8999999999999997e-06 2.3e-06 1.9999999999999999e-06 1.5999999999999999e-06 
128 4.0200000000000001e-05 4.5000000000000001e-06 1.24e-05 1.0000000000000001e-05 5.1000000000000003e-06 4.4000000000000002e-06 3.4999999999999999e-06 
256 0.00014669999999999999 1.4399999999999999e-05 3.8999999999999999e-05 2.1299999999999999e-05 1.11e-05 9.7999999999999993e-06 8.6999999999999997e-06 
512 0.00056400000000000005 5.1499999999999998e-05 0.00013190000000000001 4.32e-05 2.44e-05 2.1999999999999999e-05 2.0800000000000001e-05 
1024 0.0021876999999999999 0.00019239999999999999 0.00048450000000000001 8.8800000000000004e-05 5.3000000000000001e-05 4.88e-05 4.3300000000000002e-05 
2048 0.0087757000000000009 0.00077899999999999996 0.0019786999999999999 0.00020819999999999999 0.00012750000000000001 0.0001169 0.0001128 
4096 0.043318800999999997 0.0031248000000000001 0.0073723 0.0004035 0.0002421 0.000233 0.00021660000000000001 
8192 0.16524430400000001 0.0104508 0.024488300000000001 0.00082879999999999998 0.00044010000000000002 0.00041889999999999999 0.00041459999999999999 
