2 9.9999999999999995e-08 9.9999999999999995e-08 0 4.9999999999999998e-07 9.9999999999999995e-08 1.9999999999999999e-07 9.9999999999999995e-08 
4 9.9999999999999995e-08 9.9999999999999995e-08 1.9999999999999999e-07 5.9999999999999997e-07 1.9999999999999999e-07 1.9999999999999999e-07 9.9999999999999995e-08 
8 3.9999999999999998e-07 9.9999999999999995e-08 2.9999999999999999e-07 9.9999999999999995e-07 1.9999999999999999e-07 2.9999999999999999e-07 1.9999999999999999e-07 
16 9.9999999999999995e-07 3.9999999999999998e-07 5.9999999999999997e-07 1.7999999999999999e-06 5.9999999999999997e-07 4.9999999999999998e-07 3.9999999999999998e-07 
32 3.1e-06 6.9999999999999997e-07 1.9e-06 1.84e-05 1.1999999999999999e-06 9.9999999999999995e-07 5.9999999999999997e-07 
64 1.2099999999999999e-05 1.5999999999999999e-06 4.7999999999999998e-06 5.2000000000000002e-06 2.6000000000000001e-06 2.3e-06 1.7999999999999999e-06 
128 4.3999999999999999e-05 4.8999999999999997e-06 1.2999999999999999e-05 1.1199999999999999e-05 5.6999999999999996e-06 5.1000000000000003e-06 4.5000000000000001e-06 
256 0.0001705 1.6399999999999999e-05 4.3399999999999998e-05 2.4199999999999999e-05 1.2799999999999999e-05 1.1399999999999999e-05 1.04e-05 
512 0.00062830000000000004 5.6400000000000002e-05 0.000166 4.8900000000000003e-05 2.76e-05 2.4899999999999999e-05 2.1999999999999999e-05 
1024 0.0024044000000000001 0.00022609999999999999 0.00053910000000000004 9.98e-05 5.8400000000000003e-05 5.4400000000000001e-05 6.3100000000000002e-05 
2048 0.010425501 0.00084769999999999995 0.0020717000000000001 0.00020560000000000001 0.00012510000000000001 0.0001165 0.0001125 
4096 0.038016300000000003 0.0027680000000000001 0.0065090010000000004 0.00034450000000000003 0.0002175 0.00020350000000000001 0.00019369999999999999 
8192 0.15873900299999999 0.012220200000000001 0.028072300000000001 0.00083600099999999995 0.00050180000000000005 0.00049649999999999998 0.00045629999999999998 
