2 0 9.9999999999999995e-08 9.9999999999999995e-08 2.9999999999999999e-07 9.9999999999999995e-08 9.9999999999999995e-08 9.9999999999999995e-08 
4 9.9999999999999995e-08 9.9999999999999995e-08 9.9999999999999995e-08 4.9999999999999998e-07 9.9999999999999995e-08 9.9999999999999995e-08 9.9999999999999995e-08 
8 2.9999999999999999e-07 1.9999999999999999e-07 2.9999999999999999e-07 6.9999999999999997e-07 2.9999999999999999e-07 1.9999999999999999e-07 1.9999999999999999e-07 
16 9.9999999999999995e-07 3.9999999999999998e-07 5.9999999999999997e-07 1.1999999999999999e-06 4.9999999999999998e-07 2.9999999999999999e-07 2.9999999999999999e-07 
32 2.9000000000000002e-06 5.9999999999999997e-07 1.3e-06 2.5000000000000002e-06 1.1000000000000001e-06 1.1000000000000001e-06 5.9999999999999997e-07 
64 1.08e-05 1.3999999999999999e-06 3.8999999999999999e-06 4.6e-06 2.2000000000000001e-06 1.9e-06 1.5999999999999999e-06 
128 3.8600000000000003e-05 4.3000000000000003e-06 1.1600000000000001e-05 9.5999999999999996e-06 5.3000000000000001e-06 4.4000000000000002e-06 3.8e-06 
256 0.00013640000000000001 1.34e-05 3.79e-05 2.02e-05 1.06e-05 9.7999999999999993e-06 8.8000000000000004e-06 
512 0.00052050000000000002 4.5099999999999998e-05 0.0001205 3.9199999999999997e-05 2.2500000000000001e-05 1.9700000000000001e-05 1.8899999999999999e-05 
1024 0.0019377000000000001 0.0001738 0.00046809999999999999 8.1100000000000006e-05 4.7599999999999998e-05 4.3699999999999998e-05 4.0200000000000001e-05 
2048 0.0078857000000000007 0.00071630000000000001 0.0016698010000000001 0.00016870000000000001 0.0001197 9.7700000000000003e-05 9.2100000000000003e-05 
4096 0.035775702 0.0030360999999999999 0.0074824009999999996 0.00039960000000000001 0.00025710000000000002 0.00025149999999999999 0.0002319 
8192 0.17176351200000001 0.012479501 0.030493002000000002 0.00092500000000000004 0.00058600000000000004 0.00052939999999999997 0.00051889999999999998 
