2 0 0 9.9999999999999995e-08 5.9999999999999997e-07 9.9999999999999995e-08 1.9999999999999999e-07 9.9999999999999995e-08 
4 1.9999999999999999e-07 9.9999999999999995e-08 9.9999999999999995e-08 5.9999999999999997e-07 1.9999999999999999e-07 9.9999999999999995e-08 9.9999999999999995e-08 
8 3.9999999999999998e-07 1.9999999999999999e-07 1.9999999999999999e-07 8.9999999999999996e-07 2.9999999999999999e-07 1.9999999999999999e-07 1.9999999999999999e-07 
16 1.1000000000000001e-06 3.9999999999999998e-07 6.9999999999999997e-07 1.5e-06 5.9999999999999997e-07 3.9999999999999998e-07 3.9999999999999998e-07 
32 3.8999999999999999e-06 6.9999999999999997e-07 1.9e-06 2.9000000000000002e-06 1.1000000000000001e-06 1.1000000000000001e-06 7.9999999999999996e-07 
64 1.24e-05 1.5999999999999999e-06 4.7999999999999998e-06 5.6999999999999996e-06 2.6000000000000001e-06 2.5000000000000002e-06 1.7999999999999999e-06 
128 4.4700000000000002e-05 5.0000000000000004e-06 1.4e-05 1.15e-05 6.1e-06 5.3000000000000001e-06 4.6e-06 
256 0.00019110000000000001 1.6799999999999998e-05 4.4799999999999998e-05 2.5599999999999999e-05 1.3200000000000001e-05 1.1399999999999999e-05 9.7000000000000003e-06 
512 0.00063119999999999995 7.3200000000000004e-05 0.0001537 4.9799999999999998e-05 2.87e-05 2.5400000000000001e-05 2.3799999999999999e-05 
1024 0.002487501 0.0002286 0.00054109999999999998 9.9300000000000001e-05 5.8699999999999997e-05 5.2099999999999999e-05 5.0099999999999998e-05 
2048 0.0096421000000000007 0.00082450000000000004 0.0020917000000000002 0.00020570000000000001 0.00012339999999999999 0.0001183 0.00011 
4096 0.042518400999999997 0.0035111999999999999 0.0085736000000000007 0.00049779999999999996 0.00030630000000000002 0.00029109999999999997 0.00025799999999999998 
8192 0.16272050299999999 0.0089026999999999995 0.020721600999999999 0.0006625 0.0004105 0.00034509999999999999 0.00033429999999999999 
