2 9.9999999999999995e-08 9.9999999999999995e-08 9.9999999999999995e-08 2.9999999999999999e-07 9.9999999999999995e-08 9.9999999999999995e-08 9.9999999999999995e-08 
4 1.9999999999999999e-07 0 9.9999999999999995e-08 3.9999999999999998e-07 9.9999999999999995e-08 9.9999999999999995e-08 9.9999999999999995e-08 
8 2.9999999999999999e-07 9.9999999999999995e-08 1.9999999999999999e-07 6.9999999999999997e-07 2.9999999999999999e-07 9.9999999999999995e-08 1.9999999999999999e-07 
16 7.9999999999999996e-07 2.9999999999999999e-07 4.9999999999999998e-07 1.3e-06 4.9999999999999998e-07 2.9999999999999999e-07 2.9999999999999999e-07 
32 2.5000000000000002e-06 4.9999999999999998e-07 1.1999999999999999e-06 2.3e-06 7.9999999999999996e-07 8.9999999999999996e-07 5.9999999999999997e-07 
64 1.0200000000000001e-05 1.3999999999999999e-06 3.8e-06 4.4000000000000002e-06 2.0999999999999998e-06 1.7999999999999999e-06 1.5e-06 
128 3.8399999999999998e-05 4.0999999999999997e-06 1.11e-05 9.2e-06 4.5000000000000001e-06 4.1999999999999996e-06 3.7000000000000002e-06 
256 0.00013229999999999999 1.2999999999999999e-05 3.65e-05 1.98e-05 1.0699999999999999e-05 9.7000000000000003e-06 8.6000000000000007e-06 
512 0.00049529999999999995 4.5399999999999999e-05 0.00013889999999999999 4.0200000000000001e-05 2.3e-05 2.0599999999999999e-05 1.9000000000000001e-05 
1024 0.0019524 0.0001706 0.0004506 9.9300000000000001e-05 4.6600000000000001e-05 4.3099999999999997e-05 3.9900000000000001e-05 
2048 0.0076597000000000002 0.0006845 0.0016800000000000001 0.00016559999999999999 0.0001027 9.3399999999999993e-05 9.1100000000000005e-05 
4096 0.032713899999999997 0.0026200009999999998 0.0066233999999999998 0.00037070000000000001 0.00023890000000000001 0.00020709999999999999 0.00019689999999999999 
8192 0.16161700300000001 0.0117635 0.027529900999999999 0.00085979999999999997 0.00055400000000000002 0.00044739999999999998 0.00043839999999999998 
