2 9.9999999999999995e-08 0 9.9999999999999995e-08 3.9999999999999998e-07 9.9999999999999995e-08 9.9999999999999995e-08 9.9999999999999995e-08 
4 1.9999999999999999e-07 9.9999999999999995e-08 9.9999999999999995e-08 4.9999999999999998e-07 1.9999999999999999e-07 9.9999999999999995e-08 9.9999999999999995e-08 
8 2.9999999999999999e-07 1.9999999999999999e-07 2.9999999999999999e-07 6.9999999999999997e-07 9.9999999999999995e-08 9.9999999999999995e-08 9.9999999999999995e-08 
16 7.9999999999999996e-07 2.9999999999999999e-07 5.9999999999999997e-07 1.3e-06 5.9999999999999997e-07 2.9999999999999999e-07 1.9999999999999999e-07 
32 3.1999999999999999e-06 5.9999999999999997e-07 1.5999999999999999e-06 2.5000000000000002e-06 8.9999999999999996e-07 9.9999999999999995e-07 6.9999999999999997e-07 
64 1.01e-05 1.3999999999999999e-06 3.8999999999999999e-06 4.4000000000000002e-06 1.9999999999999999e-06 1.9999999999999999e-06 1.5e-06 
128 3.57e-05 4.0999999999999997e-06 1.11e-05 9.0000000000000002e-06 4.8999999999999997e-06 4.0999999999999997e-06 3.5999999999999998e-06 
256 0.00013430000000000001 1.24e-05 3.6399999999999997e-05 1.95e-05 1.0200000000000001e-05 9.5000000000000005e-06 8.1999999999999994e-06 
512 0.00056400000000000005 4.7700000000000001e-05 0.00012430000000000001 4.0200000000000001e-05 2.3e-05 2.0999999999999999e-05 1.8899999999999999e-05 
1024 0.0020417999999999999 0.0001973 0.00045350000000000002 8.1899999999999999e-05 5.02e-05 4.5500000000000001e-05 4.2899999999999999e-05 
2048 0.0079874999999999998 0.00069649999999999996 0.0016654 0.0001783 0.0001026 9.3800000000000003e-05 8.9300000000000002e-05 
4096 0.033335800999999998 0.00266 0.0067355999999999996 0.00036010000000000003 0.0002274 0.00021359999999999999 0.00021910000000000001 
8192 0.162674503 0.0137687 0.035183000999999998 0.0012957999999999999 0.00085220000000000001 0.00071679999999999997 0.00069099999999999999 
