60 9.0999999999999993e-06 1.3999999999999999e-06 3.4999999999999999e-06 5.8000000000000004e-06 1.9e-06 1.7e-06 1.5e-06 
63 8.6000000000000007e-06 1.3e-06 3.4999999999999999e-06 4.4000000000000002e-06 2.0999999999999998e-06 1.7999999999999999e-06 1.3999999999999999e-06 
66 9.9000000000000001e-06 1.3999999999999999e-06 3.7000000000000002e-06 4.4000000000000002e-06 1.9999999999999999e-06 1.7999999999999999e-06 1.5e-06 
69 1.0900000000000001e-05 1.5e-06 4.0999999999999997e-06 6.4999999999999996e-06 2.0999999999999998e-06 2.0999999999999998e-06 1.5e-06 
72 1.2099999999999999e-05 1.5999999999999999e-06 4.0999999999999997e-06 6.3999999999999997e-06 2.2000000000000001e-06 2.2000000000000001e-06 1.7999999999999999e-06 
75 1.26e-05 1.5999999999999999e-06 4.6e-06 5.3000000000000001e-06 2.2000000000000001e-06 1.9999999999999999e-06 1.7999999999999999e-06 
78 1.34e-05 1.7e-06 4.8999999999999997e-06 5.1000000000000003e-06 2.3999999999999999e-06 2.3e-06 1.7999999999999999e-06 
81 1.36e-05 1.7e-06 4.8999999999999997e-06 5.4e-06 2.7e-06 2.7e-06 1.7999999999999999e-06 
84 1.7200000000000001e-05 2.0999999999999998e-06 5.3000000000000001e-06 5.5999999999999997e-06 2.7999999999999999e-06 2.0999999999999998e-06 2.2000000000000001e-06 
87 1.66e-05 1.9999999999999999e-06 5.8000000000000004e-06 5.5999999999999997e-06 2.9000000000000002e-06 2.3999999999999999e-06 2.0999999999999998e-06 
90 1.88e-05 2.0999999999999998e-06 6.3999999999999997e-06 5.5999999999999997e-06 2.7999999999999999e-06 2.7999999999999999e-06 2.3e-06 
93 1.9700000000000001e-05 2.5000000000000002e-06 6.2999999999999998e-06 7.6000000000000001e-06 3.1999999999999999e-06 2.9000000000000002e-06 2.7e-06 
96 2.0000000000000002e-05 2.5000000000000002e-06 6.2999999999999998e-06 7.6000000000000001e-06 3.3000000000000002e-06 3.1999999999999999e-06 2.7e-06 
99 1.9599999999999999e-05 2.3999999999999999e-06 7.4000000000000003e-06 7.9000000000000006e-06 3.3000000000000002e-06 3.3000000000000002e-06 2.5000000000000002e-06 
102 2.2399999999999999e-05 2.6000000000000001e-06 7.4000000000000003e-06 8.3000000000000002e-06 3.1999999999999999e-06 3.1999999999999999e-06 2.7999999999999999e-06 
105 2.6400000000000001e-05 2.9000000000000002e-06 1.9599999999999999e-05 8.1999999999999994e-06 3.4000000000000001e-06 3.5999999999999998e-06 2.9000000000000002e-06 
108 2.4899999999999999e-05 2.9000000000000002e-06 7.9000000000000006e-06 8.8000000000000004e-06 3.5999999999999998e-06 3.3000000000000002e-06 2.7999999999999999e-06 
111 2.6299999999999999e-05 2.9000000000000002e-06 8.1999999999999994e-06 8.6999999999999997e-06 3.5999999999999998e-06 3.4999999999999999e-06 3.0000000000000001e-06 
114 2.41e-05 2.7999999999999999e-06 8.3000000000000002e-06 9.0999999999999993e-06 3.8e-06 3.4999999999999999e-06 2.7e-06 
117 2.8099999999999999e-05 3.3000000000000002e-06 8.8000000000000004e-06 9.0000000000000002e-06 3.9999999999999998e-06 3.7000000000000002e-06 2.9000000000000002e-06 
120 3.04e-05 3.4000000000000001e-06 9.3000000000000007e-06 9.3000000000000007e-06 3.8999999999999999e-06 3.8999999999999999e-06 3.3000000000000002e-06 
123 3.0700000000000001e-05 3.4000000000000001e-06 9.3999999999999998e-06 9.2e-06 3.8999999999999999e-06 3.8e-06 3.4000000000000001e-06 
126 3.3399999999999999e-05 3.8e-06 1.01e-05 9.5000000000000005e-06 4.1999999999999996e-06 4.0999999999999997e-06 3.4000000000000001e-06 
129 3.3500000000000001e-05 3.7000000000000002e-06 1.01e-05 8.1000000000000004e-06 4.0999999999999997e-06 3.9999999999999998e-06 3.4000000000000001e-06 
132 3.3899999999999997e-05 3.7000000000000002e-06 1.04e-05 8.1000000000000004e-06 4.5000000000000001e-06 3.9999999999999998e-06 3.3000000000000002e-06 
135 3.6100000000000003e-05 3.9999999999999998e-06 1.1e-05 1.0699999999999999e-05 4.6999999999999999e-06 4.5000000000000001e-06 3.4000000000000001e-06 
138 4.1300000000000001e-05 4.3000000000000003e-06 1.17e-05 1.0699999999999999e-05 4.5000000000000001e-06 4.4000000000000002e-06 3.1999999999999999e-06 
141 4.1499999999999999e-05 4.5000000000000001e-06 1.2500000000000001e-05 1.13e-05 5.0000000000000004e-06 4.4000000000000002e-06 4.0999999999999997e-06 
144 4.21e-05 4.5000000000000001e-06 1.31e-05 1.15e-05 5.0000000000000004e-06 4.8999999999999997e-06 3.9999999999999998e-06 
147 4.7700000000000001e-05 5.2000000000000002e-06 1.3200000000000001e-05 1.2e-05 5.2000000000000002e-06 4.6999999999999999e-06 4.3000000000000003e-06 
150 4.6699999999999997e-05 5.1000000000000003e-06 1.3900000000000001e-05 1.24e-05 5.3000000000000001e-06 4.7999999999999998e-06 3.9999999999999998e-06 
153 4.71e-05 4.8999999999999997e-06 1.38e-05 1.1800000000000001e-05 5.1000000000000003e-06 5.0000000000000004e-06 4.1999999999999996e-06 
156 4.8300000000000002e-05 5.2000000000000002e-06 1.4600000000000001e-05 1.24e-05 5.3000000000000001e-06 4.7999999999999998e-06 4.4000000000000002e-06 
159 5.3600000000000002e-05 5.6999999999999996e-06 1.52e-05 1.2e-05 5.6999999999999996e-06 5.2000000000000002e-06 4.4000000000000002e-06 
162 6.2700000000000006e-05 5.3000000000000001e-06 1.59e-05 1.29e-05 5.5999999999999997e-06 5.3000000000000001e-06 4.7999999999999998e-06 
165 5.3399999999999997e-05 5.6999999999999996e-06 3.1600000000000002e-05 1.26e-05 5.5999999999999997e-06 5.4999999999999999e-06 4.5000000000000001e-06 
168 5.8900000000000002e-05 6.1999999999999999e-06 1.6099999999999998e-05 1.27e-05 5.5999999999999997e-06 5.3000000000000001e-06 5.1000000000000003e-06 
171 5.7599999999999997e-05 5.9000000000000003e-06 1.66e-05 1.34e-05 6.0000000000000002e-06 5.5999999999999997e-06 4.6e-06 
174 5.8999999999999998e-05 6.1e-06 1.7399999999999999e-05 1.3200000000000001e-05 6.2999999999999998e-06 5.8000000000000004e-06 5.3000000000000001e-06 
177 6.3499999999999999e-05 6.3999999999999997e-06 1.73e-05 1.36e-05 6.1999999999999999e-06 5.4e-06 4.6e-06 
180 6.4200000000000002e-05 6.4999999999999996e-06 1.84e-05 1.3699999999999999e-05 6.1e-06 6.0000000000000002e-06 5.3000000000000001e-06 
183 6.5300000000000002e-05 6.6000000000000003e-06 1.84e-05 1.3900000000000001e-05 6.7000000000000002e-06 5.8000000000000004e-06 5.4e-06 
186 6.6000000000000005e-05 6.6000000000000003e-06 1.9700000000000001e-05 1.43e-05 6.7000000000000002e-06 6.1e-06 5.4e-06 
189 6.7899999999999997e-05 6.8000000000000001e-06 2.02e-05 1.4100000000000001e-05 6.9999999999999999e-06 6.0000000000000002e-06 5.1000000000000003e-06 
192 7.7100000000000004e-05 7.9999999999999996e-06 2.0999999999999999e-05 1.4600000000000001e-05 6.7000000000000002e-06 6.6000000000000003e-06 5.4e-06 
195 8.0599999999999994e-05 8.1000000000000004e-06 2.1399999999999998e-05 1.5099999999999999e-05 7.0999999999999998e-06 6.6000000000000003e-06 5.5999999999999997e-06 
198 8.0400000000000003e-05 8.1999999999999994e-06 2.16e-05 1.5e-05 6.9999999999999999e-06 6.4999999999999996e-06 6.2999999999999998e-06 
