2 9.9999999999999995e-08 9.9999999999999995e-08 9.9999999999999995e-08 4.9999999999999998e-07 
4 9.9999999999999995e-08 9.9999999999999995e-08 1.9999999999999999e-07 3.9999999999999998e-07 
8 5.9999999999999997e-07 2.9999999999999999e-07 4.9999999999999998e-07 7.9999999999999996e-07 
16 1.9999999999999999e-06 9.9999999999999995e-07 1.5e-06 1.5e-06 
32 6.7000000000000002e-06 2.6000000000000001e-06 3.8999999999999999e-06 4.5000000000000001e-06 
64 2.5700000000000001e-05 8.6999999999999997e-06 1.3499999999999999e-05 9.5000000000000005e-06 
128 9.1299999999999997e-05 2.83e-05 4.6400000000000003e-05 2.02e-05 
256 0.00037320000000000002 0.0001183 0.0001696 6.2199999999999994e-05 
512 0.0015338999999999999 0.00045689999999999999 0.00068570000000000002 0.00010569999999999999 
1024 0.0064557 0.0018347000000000001 0.0026004999999999999 0.00025310000000000003 
2048 0.0271033 0.0075909000000000003 0.0104826 0.00051699999999999999 
4096 0.111456201 0.031387999999999999 0.039374300000000001 0.0011073999999999999 
8192 0.469400602 0.14016909999999999 0.187904301 0.0026367000000000001 
