2 1.9999999999999999e-07 9.9999999999999995e-08 1.9999999999999999e-07 5.9999999999999997e-07 
4 2.9999999999999999e-07 1.9999999999999999e-07 1.9999999999999999e-07 4.9999999999999998e-07 
8 5.9999999999999997e-07 2.9999999999999999e-07 5.9999999999999997e-07 6.9999999999999997e-07 
16 1.9e-06 8.9999999999999996e-07 1.5e-06 1.7e-06 
32 6.8000000000000001e-06 2.3999999999999999e-06 4.5000000000000001e-06 4.6999999999999999e-06 
64 2.76e-05 8.6999999999999997e-06 1.45e-05 1.06e-05 
128 0.0001081 3.6300000000000001e-05 6.58e-05 2.3099999999999999e-05 
256 0.0003927 0.0001226 0.00017919999999999999 4.8999999999999998e-05 
512 0.0016884999999999999 0.00048339999999999999 0.00072610000000000003 0.0001141 
1024 0.0069429000000000001 0.0020252 0.0027723000000000001 0.0002474 
2048 0.028871899999999999 0.0078771999999999991 0.010921800000000001 0.00054140000000000004 
4096 0.11558019999999999 0.032466600999999998 0.042551600000000002 0.0012145000000000001 
8192 0.47206600199999998 0.1245342 0.167323901 0.0024583000000000001 
