2 3.9999999999999998e-07 1.9999999999999999e-07 1.9999999999999999e-07 7.9999999999999996e-07 
4 2.9999999999999999e-07 2.9999999999999999e-07 4.9999999999999998e-07 6.9999999999999997e-07 
8 8.9999999999999996e-07 5.9999999999999997e-07 7.9999999999999996e-07 1.1000000000000001e-06 
16 3.1e-06 1.5999999999999999e-06 2.0999999999999998e-06 2.7e-06 
32 1.03e-05 3.8999999999999999e-06 6.0000000000000002e-06 6.7000000000000002e-06 
64 3.8300000000000003e-05 1.26e-05 1.9599999999999999e-05 1.4e-05 
128 0.00014219999999999999 4.49e-05 6.8700000000000003e-05 3.2299999999999999e-05 
256 0.00054850000000000005 0.00018589999999999999 0.00022010000000000001 4.2400000000000001e-05 
512 0.0013387 0.00039379999999999998 0.00057220000000000003 8.8700000000000001e-05 
1024 0.0052370000000000003 0.0015096 0.0020677009999999999 0.00018799999999999999 
2048 0.0224858 0.0068110999999999996 0.0097626999999999992 0.00049319999999999995 
4096 0.1145193 0.033386100000000002 0.045246300000000003 0.0012382999999999999 
8192 0.51992240199999995 0.14008510099999999 0.190725801 0.0027921999999999999 
