2 1.9999999999999999e-07 1.9999999999999999e-07 1.9999999999999999e-07 4.9999999999999998e-07 
4 1.9999999999999999e-07 9.9999999999999995e-08 9.9999999999999995e-08 3.9999999999999998e-07 
8 5.9999999999999997e-07 2.9999999999999999e-07 4.9999999999999998e-07 5.9999999999999997e-07 
16 2.3e-06 1.1999999999999999e-06 1.7999999999999999e-06 2.2000000000000001e-06 
32 7.9000000000000006e-06 3.0000000000000001e-06 4.6999999999999999e-06 4.8999999999999997e-06 
64 2.9e-05 9.9000000000000001e-06 1.5500000000000001e-05 1.0900000000000001e-05 
128 0.00011340000000000001 3.6300000000000001e-05 5.4200000000000003e-05 2.4000000000000001e-05 
256 0.00043019999999999999 0.00016310000000000001 0.00021320000000000001 5.5800000000000001e-05 
512 0.001807 0.00057490000000000004 0.00078649999999999998 0.0001247 
1024 0.0084340000000000005 0.0023568 0.0032103000000000001 0.0003233 
2048 0.032895800000000003 0.0092993999999999993 0.012781499999999999 0.00063279999999999999 
4096 0.16357340100000001 0.045858200000000002 0.063127500000000003 0.0018680999999999999 
8192 0.54126310200000005 0.15361739999999999 0.17420050100000001 0.0028294000000000001 
