2 9.9999999999999995e-08 1.9999999999999999e-07 9.9999999999999995e-08 4.9999999999999998e-07 
4 2.9999999999999999e-07 1.9999999999999999e-07 1.9999999999999999e-07 5.9999999999999997e-07 
8 7.9999999999999996e-07 4.9999999999999998e-07 6.9999999999999997e-07 9.9999999999999995e-07 
16 1.9999999999999999e-06 9.9999999999999995e-07 1.5999999999999999e-06 1.5999999999999999e-06 
32 7.9999999999999996e-06 3.1999999999999999e-06 4.6e-06 5.3000000000000001e-06 
64 3.1300000000000002e-05 1.1199999999999999e-05 1.66e-05 1.1199999999999999e-05 
128 0.0001076 3.3000000000000003e-05 5.4400000000000001e-05 2.4899999999999999e-05 
256 0.0004505 0.0001461 0.00020149999999999999 5.5899999999999997e-05 
512 0.0018174 0.00053510000000000005 0.00077269999999999997 0.0001215 
1024 0.0074021 0.0021348000000000001 0.0030479000000000001 0.00026390000000000002 
2048 0.030961700000000002 0.0087662999999999994 0.0119468 0.00061180000000000002 
4096 0.122046801 0.033169700000000003 0.044935700000000002 0.0012463999999999999 
8192 0.47777890200000001 0.1219108 0.165776701 0.0024356999999999998 
