2 9.9999999999999995e-08 9.9999999999999995e-08 9.9999999999999995e-08 2.9999999999999999e-07 
4 1.9999999999999999e-07 9.9999999999999995e-08 1.9999999999999999e-07 3.9999999999999998e-07 
8 4.9999999999999998e-07 2.9999999999999999e-07 4.9999999999999998e-07 6.9999999999999997e-07 
16 1.5e-06 6.9999999999999997e-07 1.1000000000000001e-06 1.1999999999999999e-06 
32 5.2000000000000002e-06 2.9200000000000002e-05 3.1999999999999999e-06 3.4000000000000001e-06 
64 3.7599999999999999e-05 6.1999999999999999e-06 1.0699999999999999e-05 7.3000000000000004e-06 
128 7.9300000000000003e-05 2.62e-05 3.7599999999999999e-05 1.7099999999999999e-05 
256 0.00030009999999999998 9.7600000000000001e-05 0.0001518 6.3899999999999995e-05 
512 0.0012348000000000001 0.0003881 0.00052649999999999995 8.3200000000000003e-05 
1024 0.0050587000000000002 0.0014733999999999999 0.0020398 0.00018660000000000001 
2048 0.021722700000000001 0.0063523 0.0089657000000000001 0.00046139999999999999 
4096 0.10555200100000001 0.025157599999999999 0.033945400000000001 0.00093809999999999998 
8192 0.57378710200000005 0.1082076 0.14676790100000001 0.0021505000000000001 
