2 1.9999999999999999e-07 9.9999999999999995e-08 9.9999999999999995e-08 5.9999999999999997e-07 
4 2.9999999999999999e-07 2.9999999999999999e-07 1.9999999999999999e-07 4.9999999999999998e-07 
8 5.9999999999999997e-07 4.9999999999999998e-07 5.9999999999999997e-07 7.9999999999999996e-07 
16 2.3e-06 1.1999999999999999e-06 1.5999999999999999e-06 2.2000000000000001e-06 
32 7.4000000000000003e-06 2.6000000000000001e-06 4.5000000000000001e-06 4.8999999999999997e-06 
64 2.6699999999999998e-05 8.6000000000000007e-06 1.47e-05 1.0000000000000001e-05 
128 0.0001053 3.3899999999999997e-05 5.2899999999999998e-05 2.44e-05 
256 0.00042569999999999999 0.00013549999999999999 0.00019359999999999999 5.2200000000000002e-05 
512 0.0018473999999999999 0.00051150000000000002 0.00078600000000000002 0.00012070000000000001 
1024 0.0070071999999999999 0.0020539 0.0027131999999999998 0.0002386 
2048 0.0279908 0.0077755000000000003 0.010896400000000001 0.00054060000000000002 
4096 0.1212698 0.034776300000000003 0.048383400999999999 0.0013699999999999999 
8192 0.60863800199999996 0.1315915 0.17838090100000001 0.0027345999999999998 
