2 9.9999999999999995e-08 9.9999999999999995e-08 1.9999999999999999e-07 4.9999999999999998e-07 
4 9.9999999999999995e-08 1.9999999999999999e-07 1.9999999999999999e-07 2.9999999999999999e-07 
8 7.9999999999999996e-07 3.9999999999999998e-07 4.9999999999999998e-07 8.9999999999999996e-07 
16 2.2000000000000001e-06 1.1000000000000001e-06 1.3999999999999999e-06 1.7999999999999999e-06 
32 6.8000000000000001e-06 2.3e-06 4.0999999999999997e-06 4.6999999999999999e-06 
64 6.3700000000000003e-05 9.7999999999999993e-06 1.4100000000000001e-05 1.04e-05 
128 0.00012070000000000001 3.4700000000000003e-05 4.9700000000000002e-05 2.2900000000000001e-05 
256 0.00039399999999999998 0.0001237 0.00018100000000000001 4.88e-05 
512 0.0016099 0.00047859999999999998 0.00067409999999999996 0.0001066 
1024 0.0064913000000000002 0.0020171999999999998 0.0027420999999999999 0.00024120000000000001 
2048 0.027870900000000001 0.0077911999999999999 0.010496500000000001 0.00052879999999999995 
4096 0.114977701 0.0318634 0.043242700000000002 0.0011797999999999999 
8192 0.46958680200000003 0.1350788 0.18622860099999999 0.0026021999999999998 
