2 9.9999999999999995e-08 9.9999999999999995e-08 9.9999999999999995e-08 4.9999999999999998e-07 
4 1.9999999999999999e-07 1.9999999999999999e-07 1.9999999999999999e-07 4.9999999999999998e-07 
8 5.9999999999999997e-07 3.9999999999999998e-07 5.9999999999999997e-07 6.9999999999999997e-07 
16 2.3999999999999999e-06 1.1999999999999999e-06 1.5999999999999999e-06 2.3e-06 
32 8.1000000000000004e-06 2.9000000000000002e-06 4.6999999999999999e-06 5.2000000000000002e-06 
64 3.0199999999999999e-05 1.0699999999999999e-05 1.5999999999999999e-05 1.1e-05 
128 0.0001093 3.4499999999999998e-05 5.4799999999999997e-05 2.4499999999999999e-05 
256 0.00043839999999999998 0.00013109999999999999 0.00020019999999999999 5.52e-05 
512 0.0017570000000000001 0.00054310000000000003 0.00075900000000000002 0.0001217 
1024 0.0073175000000000002 0.0021010999999999998 0.0030133 0.00028039999999999999 
2048 0.031266700000000001 0.0088427999999999996 0.011916299999999999 0.00060289999999999996 
4096 0.12852040000000001 0.035647500999999998 0.047164200000000003 0.0012673000000000001 
8192 0.52834020199999998 0.1417176 0.179881501 0.0027469 
