2 2.9999999999999999e-07 1.9999999999999999e-07 1.9999999999999999e-07 1.3999999999999999e-06 
4 3.9999999999999998e-07 3.9999999999999998e-07 3.9999999999999998e-07 1.1999999999999999e-06 
8 1.1999999999999999e-06 6.9999999999999997e-07 1.1000000000000001e-06 1.5999999999999999e-06 
16 3.5999999999999998e-06 1.5999999999999999e-06 2.6000000000000001e-06 3.0000000000000001e-06 
32 9.7999999999999993e-06 3.7000000000000002e-06 6.0000000000000002e-06 6.8000000000000001e-06 
64 5.0599999999999997e-05 1.73e-05 2.0599999999999999e-05 1.5e-05 
128 0.0001661 5.52e-05 6.97e-05 7.9300000000000003e-05 
256 0.00066140000000000003 0.00019359999999999999 0.00039819999999999998 8.6500000000000002e-05 
512 0.0024126999999999998 0.00073780000000000004 0.0010088 0.00018980000000000001 
1024 0.0110796 0.0030409 0.0039503000000000003 0.0003391 
2048 0.037446300000000002 0.0101496 0.013351699999999999 0.00066010000000000005 
4096 0.204700401 0.040359100000000002 0.0466484 0.0011781000000000001 
8192 0.63314410200000004 0.19480630099999999 0.19975100000000001 0.0027382999999999999 
