2 1.9999999999999999e-07 9.9999999999999995e-08 9.9999999999999995e-08 3.9999999999999998e-07 
4 1.9999999999999999e-07 1.9999999999999999e-07 1.9999999999999999e-07 5.9999999999999997e-07 
8 5.9999999999999997e-07 5.9999999999999997e-07 4.9999999999999998e-07 8.9999999999999996e-07 
16 2.5000000000000002e-06 1.3e-06 1.7999999999999999e-06 2.3e-06 
32 8.3000000000000002e-06 3.3000000000000002e-06 4.8999999999999997e-06 5.3000000000000001e-06 
64 2.9799999999999999e-05 1.03e-05 1.59e-05 1.15e-05 
128 0.00011620000000000001 3.82e-05 5.49e-05 2.4899999999999999e-05 
256 0.00047760000000000001 0.00015339999999999999 0.00021550000000000001 5.8400000000000003e-05 
512 0.0018942 0.00055940000000000004 0.0007919 0.00012520000000000001 
1024 0.007796 0.0022778 0.0030935009999999998 0.00027579999999999998 
2048 0.0321071 0.0094941999999999995 0.0134389 0.00069099999999999999 
4096 0.13913220000000001 0.033206800000000002 0.0461255 0.001317 
8192 0.51934340199999995 0.13921040100000001 0.23015870099999999 0.0037891999999999999 
