2 1.9999999999999999e-07 9.9999999999999995e-08 1.9999999999999999e-07 6.9999999999999997e-07 
4 2.9999999999999999e-07 2.9999999999999999e-07 1.9999999999999999e-07 5.9999999999999997e-07 
8 7.9999999999999996e-07 5.9999999999999997e-07 6.9999999999999997e-07 8.9999999999999996e-07 
16 2.3999999999999999e-06 9.9999999999999995e-07 1.7e-06 1.9e-06 
32 9.9000000000000001e-06 3.8e-06 6.0000000000000002e-06 6.1999999999999999e-06 
64 3.8800000000000001e-05 1.49e-05 2.12e-05 1.3499999999999999e-05 
128 0.0001133 3.5500000000000002e-05 5.52e-05 2.51e-05 
256 0.00044870000000000001 0.0001474 0.0002242 5.9899999999999999e-05 
512 0.0018408999999999999 0.00060970000000000002 0.00087089999999999997 0.00012789999999999999 
1024 0.0078025000000000004 0.0022788999999999999 0.0032016000000000002 0.00028830000000000001 
2048 0.0356128 0.0108962 0.016721900000000001 0.00087560000000000003 
4096 0.20784570099999999 0.045425699999999999 0.061998900000000003 0.0016095 
8192 0.71055980299999999 0.228666801 0.26694560099999998 0.0039309000000000002 
