2 1.9999999999999999e-07 9.9999999999999995e-08 1.9999999999999999e-07 4.9999999999999998e-07 
4 2.9999999999999999e-07 1.9999999999999999e-07 1.9999999999999999e-07 3.9999999999999998e-07 
8 4.9999999999999998e-07 3.9999999999999998e-07 4.9999999999999998e-07 7.9999999999999996e-07 
16 1.9999999999999999e-06 8.9999999999999996e-07 1.3999999999999999e-06 1.5999999999999999e-06 
32 7.3000000000000004e-06 2.7999999999999999e-06 4.4000000000000002e-06 4.6999999999999999e-06 
64 2.55e-05 8.3999999999999992e-06 1.38e-05 9.9000000000000001e-06 
128 9.5299999999999999e-05 2.9300000000000001e-05 4.74e-05 2.19e-05 
256 0.00038440000000000002 0.00012019999999999999 0.00018650000000000001 4.7599999999999998e-05 
512 0.0015966999999999999 0.00048139999999999999 0.00069530000000000004 0.0001082 
1024 0.0064311999999999998 0.001812 0.0025864 0.00027179999999999999 
2048 0.027226899999999998 0.0075544999999999996 0.0105083 0.00053720000000000005 
4096 0.1117399 0.0312202 0.041580600000000002 0.0011569 
8192 0.459690402 0.1234645 0.164687001 0.0024661000000000001 
