2 1.9999999999999999e-07 1.9999999999999999e-07 1.9999999999999999e-07 7.9999999999999996e-07 
4 3.9999999999999998e-07 2.9999999999999999e-07 2.9999999999999999e-07 5.9999999999999997e-07 
8 8.9999999999999996e-07 5.9999999999999997e-07 8.9999999999999996e-07 1.3e-06 
16 3.1e-06 1.5e-06 2.3999999999999999e-06 2.6000000000000001e-06 
32 1.03e-05 3.8e-06 6.3999999999999997e-06 7.1999999999999997e-06 
64 4.1300000000000001e-05 1.4100000000000001e-05 2.0800000000000001e-05 1.4800000000000001e-05 
128 0.00015320000000000001 4.9799999999999998e-05 0.00012760000000000001 3.2100000000000001e-05 
256 0.00060820000000000004 0.0001695 0.00025339999999999998 7.0599999999999995e-05 
512 0.0022791999999999999 0.00071730000000000003 0.0010091 0.0001571 
1024 0.0098636999999999996 0.0028660000000000001 0.0039657 0.00037379999999999998 
2048 0.040388 0.0108982 0.0154906 0.00075339999999999999 
4096 0.17463340099999999 0.047978800000000002 0.055411500000000002 0.0011482 
8192 0.49127920200000003 0.1084455 0.12802550100000001 0.0018556 
