2 9.9999999999999995e-08 9.9999999999999995e-08 9.9999999999999995e-08 3.9999999999999998e-07 
4 9.9999999999999995e-08 9.9999999999999995e-08 1.9999999999999999e-07 2.9999999999999999e-07 
8 3.9999999999999998e-07 1.9999999999999999e-07 3.9999999999999998e-07 5.9999999999999997e-07 
16 1.9e-06 8.9999999999999996e-07 1.5e-06 1.5999999999999999e-06 
32 6.1999999999999999e-06 2.0999999999999998e-06 3.4999999999999999e-06 3.8e-06 
64 2.2500000000000001e-05 7.4000000000000003e-06 1.2500000000000001e-05 8.4999999999999999e-06 
128 8.4300000000000003e-05 2.69e-05 4.2500000000000003e-05 1.88e-05 
256 0.0003614 0.0001139 0.00015660000000000001 4.1600000000000002e-05 
512 0.0013948999999999999 0.00043550000000000001 0.00062430000000000005 9.5299999999999999e-05 
1024 0.0059874000000000004 0.0016756 0.0023292 0.00020790000000000001 
2048 0.0245878 0.0070495000000000002 0.0092943999999999995 0.00046739999999999998 
4096 0.1013083 0.027709001 0.039177099999999999 0.0010225 
8192 0.41742990099999999 0.155664001 0.231093201 0.0034299 
